0.000010 0.000010 0.000010 0.939673 0.012543 0.020783 0.026971
0.011255 0.000010 0.000010 0.940080 0.003847 0.026210 0.018588
0.000010 0.000010 0.000010 0.947298 0.000010 0.025319 0.027344
0.000010 0.000010 0.000010 0.951633 0.001985 0.011429 0.034924
0.000010 0.000010 0.000010 0.939398 0.000010 0.026012 0.034550
0.000010 0.000010 0.002625 0.949784 0.000010 0.020050 0.027511
0.000155 0.000010 0.000010 0.925257 0.001740 0.037310 0.035518
0.000010 0.000010 0.011272 0.945790 0.000010 0.025065 0.017842
0.000010 0.000010 0.000010 0.933052 0.000010 0.035136 0.031772
0.000010 0.000010 0.000738 0.941106 0.000010 0.030648 0.027478
0.002626 0.000010 0.000010 0.924260 0.000010 0.042264 0.030820
0.000721 0.000010 0.000010 0.940866 0.013025 0.016680 0.028689
0.000010 0.000010 0.001187 0.948997 0.000010 0.018279 0.031507
0.001166 0.000010 0.003870 0.963784 0.006687 0.006499 0.017983
0.001042 0.000010 0.004976 0.946216 0.000375 0.017648 0.029733
0.003789 0.000010 0.005936 0.927207 0.000010 0.036645 0.026402
0.000010 0.000010 0.000010 0.939956 0.000010 0.031389 0.028616
0.000010 0.000010 0.000010 0.949183 0.000010 0.020805 0.029972
0.000010 0.000010 0.000010 0.944467 0.010158 0.027928 0.017418
0.001518 0.000010 0.000010 0.940058 0.000010 0.033594 0.024799
0.000010 0.000010 0.002768 0.950492 0.000010 0.020277 0.026433
0.004635 0.000010 0.000828 0.944580 0.000010 0.023561 0.026376
0.005298 0.000010 0.000010 0.951194 0.000010 0.007364 0.036114
0.006788 0.000010 0.015264 0.945059 0.006159 0.009322 0.017398
0.000010 0.000010 0.002597 0.949079 0.000010 0.021769 0.026525
0.003702 0.000010 0.000010 0.939273 0.003320 0.028365 0.025321
0.005021 0.000010 0.003482 0.939953 0.007184 0.017271 0.027079
0.000010 0.000010 0.000010 0.922973 0.001125 0.052796 0.023076
0.012773 0.000010 0.000010 0.957500 0.000010 0.000010 0.029687
0.007266 0.000010 0.000010 0.933474 0.003039 0.019628 0.036573
0.001378 0.000010 0.000010 0.963501 0.000010 0.016612 0.018480
0.001048 0.000010 0.000010 0.942622 0.000010 0.026358 0.029942
0.000010 0.000010 0.000010 0.942901 0.000010 0.043198 0.013861
0.000010 0.000010 0.000010 0.948026 0.016276 0.011583 0.024086
0.009726 0.000010 0.000010 0.953108 0.000010 0.023548 0.013588
0.000010 0.000010 0.004355 0.940713 0.000010 0.028797 0.026105
0.004696 0.000010 0.001258 0.940014 0.000010 0.027972 0.026039
0.007110 0.000010 0.000010 0.948906 0.000010 0.015705 0.028249
0.000010 0.000011 0.000010 0.950905 0.000711 0.013591 0.034763
0.004539 0.000010 0.000010 0.941410 0.000010 0.028006 0.026014
0.002458 0.000010 0.000010 0.946829 0.000010 0.029818 0.020865
0.001240 0.000010 0.002312 0.946257 0.000010 0.030472 0.019700
0.007849 0.000010 0.000010 0.953212 0.000078 0.012473 0.026368
0.001423 0.000010 0.000010 0.948661 0.000371 0.015592 0.033933
0.003310 0.000010 0.000010 0.932684 0.000010 0.039479 0.024497
0.001773 0.000010 0.000010 0.954046 0.000010 0.021422 0.022729
0.000010 0.000010 0.000010 0.953936 0.000010 0.022685 0.023339
0.005436 0.000012 0.000010 0.940158 0.000010 0.020666 0.033708
0.009903 0.000010 0.004563 0.930543 0.000010 0.033160 0.021811
0.002212 0.000010 0.004234 0.967767 0.000010 0.007634 0.018133
0.005846 0.000010 0.002606 0.958965 0.000010 0.014589 0.017973
0.001311 0.000010 0.000010 0.932776 0.000010 0.042424 0.023458
0.006892 0.000010 0.004473 0.957983 0.000010 0.003383 0.027249
0.000010 0.000010 0.012644 0.950891 0.000010 0.014992 0.021444
0.012740 0.000010 0.006886 0.932514 0.000010 0.018315 0.029526
0.000010 0.000010 0.000010 0.938609 0.000010 0.036799 0.024551
0.001838 0.000010 0.000010 0.967678 0.000010 0.017398 0.013056
0.003808 0.000010 0.000010 0.971007 0.000010 0.002374 0.022780
0.008592 0.000010 0.010837 0.964966 0.000010 0.000010 0.015576
0.003715 0.000010 0.002802 0.935286 0.000010 0.017594 0.040583
0.008671 0.000010 0.000010 0.952611 0.000010 0.014166 0.024522
0.000010 0.000010 0.000010 0.955072 0.000010 0.019536 0.025352
0.000011 0.000010 0.000010 0.876699 0.074315 0.000010 0.048945
0.000010 0.000010 0.000010 0.905152 0.052542 0.000010 0.042265
0.005867 0.000010 0.000010 0.882235 0.064084 0.000461 0.047334
0.001628 0.000010 0.000010 0.861281 0.088043 0.000010 0.049018
0.002461 0.000010 0.000010 0.882448 0.064350 0.002805 0.047915
0.000010 0.000010 0.000010 0.876880 0.075506 0.001760 0.045824
0.000010 0.000010 0.000010 0.871035 0.070629 0.013019 0.045286
0.010749 0.000010 0.000010 0.857920 0.061167 0.048684 0.021460
0.000671 0.000010 0.000010 0.867182 0.073123 0.003525 0.055480
0.009056 0.000010 0.000010 0.857694 0.068751 0.021976 0.042504
0.000010 0.000010 0.000010 0.863708 0.079780 0.008197 0.048284
0.008123 0.000010 0.000010 0.878419 0.062667 0.000010 0.050761
0.006475 0.000010 0.000010 0.854499 0.085986 0.000010 0.053011
0.000010 0.000010 0.000010 0.890772 0.077512 0.000010 0.031676
0.000433 0.000010 0.000010 0.883343 0.070784 0.000010 0.045409
0.000234 0.000010 0.000010 0.878040 0.054601 0.026067 0.041037
0.000010 0.000010 0.000110 0.928529 0.000010 0.040605 0.030726
0.006050 0.000010 0.000010 0.946768 0.000010 0.019759 0.027393
0.007971 0.000010 0.006252 0.937852 0.000010 0.030447 0.017458
0.003345 0.000010 0.000010 0.939757 0.000539 0.030597 0.025742
0.000010 0.000010 0.008084 0.940769 0.003600 0.028847 0.018680
0.000010 0.000010 0.005503 0.960051 0.006232 0.009670 0.018524
0.000010 0.000010 0.011625 0.935647 0.000010 0.034785 0.017913
0.004744 0.000010 0.000040 0.930689 0.002261 0.039029 0.023228
0.000010 0.000010 0.000010 0.952364 0.003819 0.027545 0.016242
0.000054 0.000010 0.001330 0.949735 0.000010 0.021418 0.027443
0.002414 0.000010 0.000157 0.942280 0.000010 0.018208 0.036921
0.000010 0.000010 0.000010 0.950858 0.000010 0.023382 0.025720
0.002084 0.000010 0.000010 0.943431 0.000010 0.026211 0.028243
0.000010 0.000010 0.000010 0.959299 0.006193 0.013714 0.020764
0.006654 0.000010 0.000010 0.936558 0.000010 0.022103 0.034655
0.000010 0.000010 0.000552 0.933771 0.000010 0.032504 0.033143
0.008214 0.000010 0.000033 0.967267 0.000010 0.002412 0.022054
0.003231 0.000010 0.000010 0.920952 0.000010 0.049400 0.026387
0.000010 0.000010 0.000010 0.939566 0.000010 0.023709 0.036685
0.000010 0.000010 0.000010 0.933495 0.019269 0.027596 0.019611
0.008513 0.000010 0.000010 0.955889 0.000010 0.012186 0.023382
0.004818 0.000010 0.000010 0.932122 0.000010 0.038110 0.024920
0.000010 0.000010 0.000432 0.937966 0.000010 0.036486 0.025086
0.000010 0.000010 0.000010 0.955479 0.016119 0.009347 0.019025
0.000010 0.000010 0.000010 0.939536 0.000010 0.038880 0.021544
0.001701 0.000010 0.006159 0.951863 0.000010 0.010071 0.030187
0.000010 0.000010 0.003078 0.942497 0.000010 0.030045 0.024350
0.000010 0.000010 0.000010 0.950435 0.000010 0.022937 0.026588
0.005186 0.000010 0.000010 0.961962 0.000010 0.013541 0.019281
0.000656 0.000010 0.000010 0.947779 0.000010 0.025649 0.025886
0.005365 0.000010 0.001070 0.939859 0.002554 0.024822 0.026321
0.000011 0.000010 0.000010 0.961446 0.005523 0.000010 0.032990
0.003469 0.000010 0.000010 0.938882 0.000010 0.034624 0.022995
0.001030 0.000010 0.000010 0.884020 0.069419 0.010626 0.034885
0.000010 0.000010 0.000010 0.877601 0.083436 0.000010 0.038923
0.002306 0.000010 0.000010 0.889537 0.053574 0.015434 0.039130
0.007944 0.000010 0.000010 0.872081 0.053014 0.019001 0.047939
0.017280 0.000010 0.000010 0.891376 0.054940 0.000010 0.036374
0.000010 0.000010 0.000010 0.856920 0.103200 0.003543 0.036307
0.000092 0.000010 0.000010 0.859101 0.081936 0.007851 0.051001
0.000010 0.000010 0.000010 0.882874 0.066911 0.007066 0.043119
0.002587 0.000010 0.000010 0.902185 0.054571 0.000010 0.040627
0.006600 0.000010 0.000010 0.897240 0.047438 0.005211 0.043492
0.009815 0.000010 0.000010 0.869104 0.060335 0.006328 0.054398
0.006864 0.000010 0.000010 0.900346 0.030027 0.015791 0.046952
0.000010 0.000010 0.000010 0.861964 0.058663 0.028311 0.051032
0.005612 0.000010 0.000010 0.883334 0.058784 0.004094 0.048156
0.004876 0.000010 0.000010 0.876102 0.061312 0.000010 0.057680
0.006315 0.000010 0.000010 0.867055 0.084271 0.011913 0.030426
0.000010 0.000010 0.000010 0.880389 0.067920 0.007851 0.043811
0.000010 0.000010 0.000010 0.868843 0.086557 0.000010 0.044560
0.000010 0.000010 0.000010 0.894687 0.043571 0.021989 0.039722
0.003989 0.000010 0.003669 0.876803 0.063860 0.008759 0.042909
0.001459 0.000010 0.000010 0.890357 0.064190 0.000010 0.043963
0.000010 0.000010 0.000010 0.883090 0.059518 0.019024 0.038338
0.000010 0.000010 0.000010 0.915211 0.043569 0.000010 0.041180
0.000022 0.000010 0.000010 0.888929 0.050420 0.021762 0.038847
0.004042 0.000010 0.000010 0.872548 0.076348 0.000010 0.047032
0.001715 0.000010 0.000010 0.877040 0.071504 0.001421 0.048300
0.000010 0.000010 0.000010 0.893401 0.062750 0.000010 0.043809
0.005909 0.000010 0.000010 0.886126 0.070251 0.000010 0.037685
0.006394 0.000010 0.000010 0.888230 0.058087 0.000010 0.047259
0.004572 0.000010 0.000010 0.865709 0.058388 0.008088 0.063223
0.000010 0.000010 0.000010 0.884159 0.092655 0.000010 0.023146
0.001552 0.000010 0.000010 0.878667 0.067945 0.000010 0.051806
0.004002 0.000010 0.000010 0.867784 0.081412 0.000010 0.046771
0.000010 0.000010 0.000010 0.893644 0.056573 0.000010 0.049743
0.002546 0.000010 0.000010 0.875047 0.070862 0.000010 0.051515
0.001342 0.000010 0.000010 0.891899 0.060492 0.000010 0.046237
0.000010 0.000010 0.000010 0.894053 0.057401 0.007421 0.041095
0.013107 0.000010 0.000010 0.888157 0.057611 0.000010 0.041095
0.000010 0.000010 0.000010 0.893271 0.059414 0.000010 0.047275
0.000231 0.000010 0.000010 0.878814 0.051198 0.017288 0.052449
0.000011 0.000010 0.000010 0.897399 0.041252 0.015444 0.045874
0.000141 0.000010 0.000010 0.895681 0.068627 0.000010 0.035521
0.000010 0.000010 0.000010 0.880927 0.080273 0.000010 0.038761
0.000010 0.000010 0.000010 0.903781 0.049891 0.005779 0.040519
0.005901 0.000010 0.000010 0.860082 0.084521 0.012133 0.037342
0.000010 0.004020 0.000010 0.864771 0.040609 0.053663 0.036916
0.000010 0.000010 0.000010 0.874106 0.080724 0.000010 0.045131
0.007175 0.000010 0.000010 0.885615 0.060179 0.000010 0.047001
0.001664 0.000010 0.000010 0.919940 0.033843 0.013617 0.030915
0.001205 0.000010 0.000010 0.880946 0.069138 0.000010 0.048682
0.002379 0.000010 0.000010 0.902570 0.051241 0.000010 0.043781
0.011406 0.000010 0.000010 0.880540 0.068888 0.000010 0.039136
0.000594 0.000010 0.000010 0.913726 0.040926 0.005508 0.039226
0.000010 0.000010 0.000010 0.880345 0.063304 0.007729 0.048593
0.007877 0.000010 0.000010 0.878099 0.069236 0.000010 0.044758
0.000010 0.000010 0.000010 0.893191 0.062868 0.000010 0.043901
0.000010 0.000010 0.000010 0.894140 0.057987 0.000010 0.047833
0.000010 0.000010 0.000010 0.864973 0.074059 0.000010 0.060929
0.000010 0.000010 0.000010 0.890833 0.072421 0.000010 0.036706
0.011379 0.000010 0.000010 0.897817 0.046220 0.000010 0.044554
0.006894 0.000010 0.000010 0.864128 0.081765 0.000010 0.047183
0.007522 0.000010 0.000010 0.874920 0.063953 0.005434 0.048152
0.000010 0.000010 0.000010 0.887481 0.065992 0.000010 0.046487
0.000281 0.000010 0.000010 0.869181 0.073608 0.004839 0.052071
0.000010 0.000010 0.000010 0.861837 0.060386 0.019068 0.058679
0.000010 0.000010 0.000010 0.881563 0.069488 0.000010 0.048909
0.004930 0.000010 0.000010 0.868618 0.072873 0.000010 0.053549
0.000010 0.000010 0.000010 0.870518 0.058156 0.017367 0.053930
0.008579 0.000010 0.000010 0.884668 0.060390 0.011343 0.035000
0.006351 0.000010 0.000010 0.883334 0.058709 0.005273 0.046313
0.000054 0.000010 0.000010 0.865186 0.078183 0.000010 0.056547
0.001328 0.000010 0.000010 0.881529 0.069456 0.008502 0.039165
0.005170 0.000010 0.000010 0.908683 0.044925 0.000010 0.041192
0.000830 0.000010 0.000010 0.855520 0.072587 0.015931 0.055111
0.005166 0.000010 0.000010 0.880482 0.072060 0.000010 0.042262
0.006187 0.000010 0.000010 0.907600 0.033262 0.012719 0.040212
0.003076 0.000010 0.000010 0.887942 0.061769 0.000010 0.047184
0.004033 0.000010 0.000010 0.869945 0.083523 0.000444 0.042035
0.000011 0.000010 0.000010 0.874897 0.078694 0.000010 0.046369
0.000010 0.000010 0.000010 0.884971 0.059205 0.010711 0.045083
0.000010 0.000010 0.646021 0.000010 0.348483 0.000010 0.005456
0.000010 0.000010 0.650958 0.000010 0.348992 0.000010 0.000010
0.000010 0.000010 0.692038 0.000010 0.307912 0.000010 0.000010
0.000010 0.000010 0.693544 0.000010 0.306406 0.000010 0.000010
0.002930 0.000010 0.624009 0.000010 0.373020 0.000010 0.000010
0.000011 0.000010 0.689564 0.000010 0.310385 0.000010 0.000010
0.001518 0.000010 0.660959 0.000010 0.337483 0.000010 0.000010
0.000010 0.000010 0.691083 0.000010 0.308867 0.000010 0.000010
0.003741 0.000010 0.657339 0.000010 0.338880 0.000010 0.000010
0.000010 0.000010 0.700466 0.000010 0.299484 0.000010 0.000010
0.000010 0.000010 0.677603 0.000010 0.322347 0.000010 0.000010
0.000010 0.000010 0.675360 0.000010 0.324011 0.000010 0.000589
0.000010 0.000010 0.693083 0.000010 0.306867 0.000010 0.000010
0.000010 0.000010 0.675677 0.001722 0.318876 0.000010 0.003695
0.004589 0.000010 0.659258 0.000010 0.336112 0.000010 0.000010
0.000010 0.000010 0.679794 0.000010 0.320156 0.000010 0.000010
0.005946 0.000010 0.663416 0.000010 0.328975 0.000010 0.001634
0.000010 0.000010 0.666281 0.000010 0.332426 0.000010 0.001253
0.000010 0.000010 0.677151 0.000010 0.322799 0.000010 0.000010
0.000010 0.000010 0.678965 0.000010 0.320352 0.000010 0.000642
0.000010 0.000010 0.683679 0.000010 0.316271 0.000010 0.000010
0.002744 0.000010 0.690728 0.000010 0.306488 0.000010 0.000010
0.000010 0.000010 0.681726 0.000010 0.318224 0.000010 0.000010
0.000010 0.000010 0.661418 0.000010 0.334073 0.000010 0.004469
0.000010 0.000010 0.674589 0.000010 0.323343 0.000010 0.002028
0.000010 0.000010 0.670770 0.000010 0.329180 0.000010 0.000010
0.000867 0.000010 0.642385 0.000010 0.355184 0.000010 0.001535
0.000010 0.000010 0.669138 0.000010 0.330812 0.000010 0.000010
0.000010 0.000010 0.672821 0.000010 0.326812 0.000010 0.000326
0.002704 0.000010 0.678205 0.000010 0.319051 0.000010 0.000010
0.000012 0.000010 0.684984 0.000010 0.314964 0.000010 0.000010
0.000010 0.000010 0.668284 0.000010 0.331666 0.000010 0.000010
0.000010 0.000010 0.682372 0.000010 0.317578 0.000010 0.000010
0.000010 0.000010 0.683238 0.000010 0.316712 0.000010 0.000010
0.000010 0.000010 0.639599 0.000010 0.358336 0.000010 0.002025
0.000010 0.000010 0.669564 0.000010 0.330386 0.000010 0.000010
0.001782 0.000010 0.711430 0.000010 0.286748 0.000010 0.000010
0.000010 0.000010 0.670895 0.000010 0.329055 0.000010 0.000010
0.000825 0.000010 0.663318 0.000010 0.332435 0.000010 0.003392
0.000010 0.000010 0.690885 0.000010 0.309065 0.000010 0.000010
0.000010 0.000010 0.672932 0.000010 0.327018 0.000010 0.000010
0.000010 0.000010 0.671999 0.000010 0.327951 0.000010 0.000010
0.000010 0.000010 0.712165 0.000010 0.283491 0.000010 0.004304
0.000010 0.091394 0.000010 0.724083 0.019613 0.012606 0.152284
0.001513 0.189538 0.000010 0.592956 0.000010 0.023509 0.192463
0.010478 0.075810 0.001766 0.745120 0.000010 0.051335 0.115480
0.000010 0.000010 0.660661 0.000010 0.339289 0.000010 0.000010
0.000010 0.000010 0.652760 0.000010 0.347190 0.000010 0.000010
0.000010 0.000010 0.596208 0.000010 0.403742 0.000010 0.000010
0.000010 0.000010 0.633217 0.000010 0.366733 0.000010 0.000010
0.000010 0.000010 0.673129 0.000010 0.326821 0.000010 0.000010
0.000010 0.000010 0.677568 0.000010 0.322382 0.000010 0.000010
0.000010 0.000010 0.678952 0.000010 0.320998 0.000010 0.000010
0.000010 0.000010 0.665245 0.000010 0.334705 0.000010 0.000010
0.000010 0.000010 0.631327 0.000010 0.368623 0.000010 0.000010
0.000010 0.000010 0.662029 0.000010 0.337921 0.000010 0.000010
0.001196 0.000010 0.751555 0.000010 0.247210 0.000010 0.000010
0.000010 0.000010 0.654868 0.000010 0.345082 0.000010 0.000010
0.000010 0.000010 0.658606 0.000010 0.338483 0.000010 0.002871
0.009157 0.000010 0.696824 0.000010 0.284668 0.009322 0.000010
0.000649 0.000010 0.476385 0.006064 0.508562 0.000010 0.008321
0.000010 0.000010 0.659018 0.000010 0.340932 0.000010 0.000010
0.000010 0.000010 0.661406 0.000010 0.338544 0.000010 0.000010
0.000010 0.000010 0.637153 0.000010 0.362797 0.000010 0.000010
0.000010 0.000010 0.659746 0.000010 0.340204 0.000010 0.000010
0.000010 0.000010 0.667660 0.000010 0.332290 0.000010 0.000010
0.000010 0.000010 0.650418 0.000010 0.349532 0.000010 0.000010
0.000010 0.000010 0.633195 0.000010 0.366755 0.000010 0.000010
0.000341 0.000010 0.671811 0.000010 0.327808 0.000010 0.000010
0.001056 0.000010 0.663373 0.000010 0.335531 0.000010 0.000010
0.000010 0.000010 0.653889 0.000010 0.346061 0.000010 0.000010
0.004053 0.000010 0.736898 0.000010 0.259009 0.000010 0.000010
0.000010 0.000010 0.664828 0.000010 0.335122 0.000010 0.000010
0.003463 0.000010 0.671767 0.000010 0.324730 0.000010 0.000010
0.000010 0.000010 0.679576 0.000010 0.320242 0.000010 0.000142
0.000010 0.000010 0.653688 0.000010 0.346262 0.000010 0.000010
0.000010 0.000010 0.645006 0.000010 0.354944 0.000010 0.000010
0.008127 0.151535 0.008565 0.692362 0.002218 0.000657 0.136536
0.000010 0.172868 0.007959 0.659528 0.000010 0.013163 0.146462
0.000841 0.074720 0.004810 0.761775 0.011888 0.047071 0.098894
0.002921 0.082858 0.012041 0.705699 0.001198 0.034827 0.160456
0.000342 0.000010 0.796408 0.000010 0.203210 0.000010 0.000010
0.000010 0.000010 0.761600 0.000010 0.238350 0.000010 0.000010
0.000010 0.000010 0.780031 0.000010 0.219919 0.000010 0.000010
0.000010 0.000010 0.720706 0.000010 0.279244 0.000010 0.000010
0.006710 0.000010 0.779565 0.000010 0.213685 0.000010 0.000010
0.000010 0.000010 0.743503 0.000010 0.256402 0.000010 0.000054
0.003924 0.000010 0.739641 0.000010 0.256395 0.000010 0.000010
0.000010 0.000010 0.771900 0.000010 0.228050 0.000010 0.000010
0.001843 0.000010 0.750944 0.000010 0.247173 0.000010 0.000010
0.002225 0.000010 0.774075 0.000010 0.223660 0.000010 0.000010
0.005239 0.000010 0.748587 0.000010 0.243404 0.000010 0.002740
0.000010 0.000010 0.750529 0.000010 0.249421 0.000010 0.000010
0.000010 0.000010 0.742259 0.000010 0.257691 0.000010 0.000010
0.007488 0.000010 0.779499 0.000010 0.210121 0.000010 0.002862
0.000010 0.000010 0.738376 0.000010 0.258473 0.000010 0.003111
0.000010 0.000010 0.751101 0.000010 0.248849 0.000010 0.000010
0.000010 0.000010 0.747977 0.000010 0.251973 0.000010 0.000010
0.000010 0.000010 0.731009 0.000010 0.264751 0.000010 0.004200
0.000010 0.000010 0.735240 0.000010 0.264710 0.000010 0.000010
0.000010 0.000010 0.745892 0.000010 0.254058 0.000010 0.000010
0.004421 0.000010 0.781002 0.000010 0.214538 0.000010 0.000010
0.000010 0.000010 0.741171 0.000010 0.258779 0.000010 0.000010
0.000010 0.000010 0.760458 0.000010 0.239492 0.000010 0.000010
0.000010 0.000010 0.769098 0.000010 0.230852 0.000010 0.000010
0.005206 0.026911 0.018040 0.832845 0.000010 0.029785 0.087204
0.004475 0.056168 0.013303 0.768186 0.016192 0.019075 0.122602
0.000130 0.111645 0.011437 0.665044 0.000010 0.006206 0.205529
0.016785 0.061391 0.000010 0.808877 0.000665 0.000010 0.112262
0.009955 0.088055 0.001249 0.784877 0.000010 0.000010 0.115843
0.004739 0.048581 0.000010 0.826015 0.000010 0.034309 0.086336
0.000010 0.133071 0.010842 0.711648 0.007082 0.000010 0.137337
0.012852 0.000010 0.950551 0.000883 0.028930 0.006764 0.000010
0.015819 0.000010 0.983531 0.000010 0.000010 0.000010 0.000610
0.013070 0.000010 0.978206 0.000010 0.000010 0.008684 0.000010
0.010794 0.000010 0.984641 0.000010 0.000010 0.000010 0.004525
0.011274 0.000010 0.932696 0.000010 0.040425 0.014645 0.000940
0.022487 0.000010 0.964070 0.000010 0.012654 0.000010 0.000758
0.015068 0.000010 0.945908 0.000010 0.038984 0.000010 0.000010
0.011652 0.000010 0.979364 0.000010 0.008249 0.000010 0.000706
0.013203 0.000010 0.923122 0.000010 0.049940 0.000010 0.013705
0.009562 0.000010 0.945846 0.000010 0.038877 0.000010 0.005685
0.008959 0.000010 0.948759 0.000010 0.041634 0.000010 0.000618
0.007174 0.000010 0.940910 0.000010 0.038440 0.007106 0.006351
0.014665 0.000010 0.956986 0.000010 0.025971 0.002347 0.000010
0.014219 0.000010 0.942886 0.000010 0.033687 0.002833 0.006355
0.016169 0.000010 0.952584 0.000010 0.027190 0.000010 0.004027
0.000010 0.080864 0.015731 0.767359 0.000010 0.029193 0.106833
0.010015 0.119156 0.008939 0.706671 0.000189 0.014310 0.140719
0.000017 0.231736 0.014745 0.613007 0.000010 0.002593 0.137892
0.005197 0.217237 0.000231 0.579466 0.002653 0.010199 0.185018
0.000010 0.216391 0.013426 0.572937 0.000010 0.024386 0.172841
0.000010 0.065736 0.000010 0.752354 0.014557 0.007095 0.160239
0.000859 0.128963 0.000010 0.710754 0.010051 0.043022 0.106340
0.000010 0.094834 0.010211 0.767506 0.011719 0.007202 0.108518
0.002323 0.078941 0.000010 0.753269 0.004474 0.012071 0.148912
0.001817 0.074930 0.004286 0.772201 0.015495 0.003075 0.128195
0.008753 0.089457 0.006421 0.739280 0.000010 0.013861 0.142218
0.001940 0.089547 0.010262 0.725034 0.003412 0.014939 0.154865
0.012961 0.059612 0.000010 0.769982 0.000010 0.012184 0.145240
0.001185 0.086414 0.000010 0.740832 0.000010 0.017532 0.154017
0.008624 0.087762 0.012736 0.727084 0.004837 0.014152 0.144806
0.009273 0.089343 0.000010 0.801417 0.016101 0.036221 0.047634
0.011894 0.088967 0.000010 0.671636 0.000010 0.012050 0.215432
0.010959 0.204386 0.000010 0.621838 0.006835 0.001327 0.154644
0.000630 0.099740 0.002832 0.716322 0.001334 0.006856 0.172285
0.000010 0.120163 0.015835 0.709256 0.000010 0.034115 0.120610
0.002660 0.134731 0.012075 0.646062 0.000010 0.018145 0.186317
0.000010 0.145729 0.000010 0.716455 0.005160 0.008438 0.124199
0.005729 0.107948 0.002204 0.711886 0.012351 0.031530 0.128351
0.008038 0.098593 0.002205 0.721750 0.000010 0.002895 0.166510
0.013944 0.103810 0.008101 0.734901 0.000010 0.000010 0.139224
0.002977 0.149247 0.007071 0.658719 0.000010 0.000010 0.181967
0.002947 0.174439 0.008148 0.677378 0.000010 0.002309 0.134769
0.000010 0.092372 0.011881 0.747516 0.000010 0.031785 0.116426
0.000010 0.086527 0.000010 0.791521 0.003772 0.030433 0.087727
0.000010 0.231519 0.001987 0.640484 0.000010 0.000010 0.125980
0.000010 0.633991 0.000010 0.286162 0.002824 0.000010 0.076993
0.000010 0.126040 0.000010 0.680811 0.013836 0.028513 0.150780
0.001018 0.126116 0.015860 0.721991 0.000010 0.000010 0.134995
0.009361 0.023915 0.000994 0.859436 0.000010 0.025868 0.080417
0.010057 0.010006 0.019108 0.674529 0.000010 0.018774 0.267516
0.008746 0.150137 0.010546 0.552234 0.004668 0.000552 0.273118
0.017304 0.096673 0.015451 0.596379 0.000010 0.030676 0.243508
0.000010 0.025455 0.012013 0.808554 0.000010 0.000010 0.153948
0.002950 0.122746 0.008201 0.631191 0.000010 0.019145 0.215758
0.004080 0.094405 0.012408 0.628427 0.000010 0.008150 0.252520
0.000010 0.029682 0.009903 0.607037 0.000010 0.020826 0.332532
0.000010 0.178149 0.000010 0.514261 0.015852 0.018144 0.273574
0.004033 0.043905 0.008022 0.645566 0.000010 0.043788 0.254676
0.003066 0.059706 0.007849 0.674234 0.000010 0.000276 0.254859
0.000934 0.109606 0.030231 0.428969 0.000010 0.011812 0.418438
0.006407 0.233884 0.004275 0.593548 0.000010 0.024900 0.136976
0.000834 0.031144 0.003149 0.813086 0.000010 0.085179 0.066598
0.000010 0.121957 0.018163 0.686981 0.000010 0.015791 0.157088
0.013406 0.182589 0.002774 0.635353 0.003457 0.019407 0.143014
0.004947 0.076845 0.015997 0.844916 0.000010 0.002033 0.055253
0.016029 0.063787 0.000484 0.757160 0.007930 0.034880 0.119730
0.010950 0.087448 0.006221 0.722060 0.009048 0.000010 0.164263
0.000010 0.078017 0.008139 0.684071 0.018322 0.021342 0.190100
0.000010 0.141681 0.011877 0.666318 0.005987 0.023250 0.150876
0.003063 0.189318 0.017382 0.552874 0.000010 0.000010 0.237344
0.000273 0.222597 0.000010 0.512505 0.026575 0.026015 0.212024
0.016411 0.160194 0.014171 0.592436 0.000010 0.000010 0.216768
0.009316 0.101352 0.002982 0.660708 0.000010 0.026919 0.198713
0.000010 0.067685 0.012883 0.757292 0.000010 0.016353 0.145766
0.013071 0.188673 0.000010 0.635579 0.015394 0.000799 0.146475
0.004562 0.112105 0.023287 0.711044 0.000010 0.029575 0.119417
0.003549 0.120083 0.005645 0.731385 0.000010 0.012201 0.127128
0.002022 0.676694 0.002024 0.242242 0.000010 0.000010 0.076997
0.008314 0.507034 0.000010 0.401751 0.000010 0.015179 0.067702
0.000010 0.206288 0.000010 0.593234 0.016882 0.019001 0.164575
0.018475 0.114721 0.000393 0.712546 0.001707 0.038672 0.113486
0.007744 0.076938 0.000010 0.574400 0.020786 0.018931 0.301191
0.007107 0.021030 0.016364 0.698612 0.009250 0.000010 0.247627
0.006069 0.047063 0.000010 0.701473 0.022907 0.002565 0.219913
0.008030 0.175492 0.020719 0.516900 0.004815 0.001973 0.272070
0.002082 0.015671 0.012763 0.787831 0.000010 0.007354 0.174289
0.009655 0.019899 0.009424 0.680917 0.000010 0.000010 0.280084
0.003847 0.027396 0.018423 0.801943 0.006958 0.014351 0.127082
0.006608 0.133838 0.009214 0.542278 0.012828 0.006292 0.288941
0.000010 0.084866 0.007007 0.655114 0.002897 0.010429 0.239676
0.015574 0.184015 0.010438 0.488901 0.010144 0.002898 0.288029
0.012208 0.041213 0.025976 0.626001 0.000010 0.002145 0.292447
0.001159 0.014197 0.000010 0.901721 0.004263 0.025514 0.053135
0.003915 0.017845 0.003255 0.607540 0.012443 0.011628 0.343374
0.000010 0.023318 0.008207 0.598291 0.000010 0.019679 0.350485
0.001848 0.000010 0.000010 0.937315 0.000010 0.018315 0.042492
0.000165 0.005886 0.003618 0.402816 0.029635 0.021865 0.536015
0.000010 0.349707 0.011945 0.410797 0.007559 0.000010 0.219973
0.000010 0.035701 0.006770 0.569926 0.003397 0.002551 0.381645
0.000635 0.055306 0.009047 0.687344 0.017419 0.024697 0.205553
0.004514 0.009824 0.012470 0.752901 0.010294 0.000010 0.209987
0.000010 0.049095 0.009042 0.540763 0.006768 0.017929 0.376392
0.000989 0.077565 0.000010 0.511727 0.011922 0.027146 0.370642
0.002616 0.017570 0.013314 0.671685 0.010325 0.014184 0.270306
0.000010 0.028878 0.003655 0.735486 0.015808 0.026219 0.189944
0.001105 0.018616 0.002776 0.789360 0.000010 0.013252 0.174881
0.012793 0.059285 0.000452 0.620252 0.000010 0.001223 0.305985
0.000388 0.016776 0.023634 0.677200 0.000625 0.000010 0.281366
0.000010 0.047628 0.000010 0.679171 0.020892 0.023470 0.228820
0.003250 0.064375 0.003100 0.662384 0.014499 0.024639 0.227753
0.012537 0.149601 0.010461 0.559668 0.000010 0.012436 0.255287
0.000010 0.114592 0.003340 0.630357 0.017830 0.000010 0.233862
0.000010 0.024747 0.003773 0.709447 0.000010 0.012777 0.249237
0.000010 0.147951 0.006105 0.535825 0.012569 0.009205 0.288335
0.003000 0.096756 0.006468 0.581519 0.012057 0.024327 0.275874
0.008633 0.048371 0.006012 0.553322 0.015736 0.013643 0.354284
0.004840 0.033875 0.000010 0.699840 0.002189 0.014441 0.244805
0.011503 0.062837 0.010419 0.671058 0.005903 0.015484 0.222797
0.004320 0.058860 0.008682 0.762973 0.000010 0.027109 0.138047
0.000010 0.287420 0.000010 0.421170 0.007516 0.005182 0.278692
0.000450 0.013331 0.008528 0.830306 0.006506 0.023322 0.117558
0.008655 0.019800 0.006346 0.909384 0.000010 0.013579 0.042226
0.001574 0.182431 0.000010 0.589013 0.000010 0.000010 0.226953
0.001430 0.025594 0.018336 0.526227 0.009789 0.041701 0.376923
0.009889 0.040664 0.000010 0.552868 0.017029 0.000010 0.379530
0.009771 0.052051 0.009294 0.554356 0.006406 0.001066 0.367055
0.011523 0.184709 0.000010 0.419727 0.007895 0.023708 0.352429
0.001652 0.306323 0.000010 0.376710 0.026671 0.013265 0.275369
0.013071 0.199929 0.000010 0.474184 0.009996 0.000010 0.302800
0.000010 0.026200 0.002026 0.765470 0.010632 0.011850 0.183812
0.008096 0.156466 0.008578 0.664007 0.008767 0.022457 0.131627
0.000010 0.021023 0.013816 0.806246 0.000010 0.026170 0.132725
0.007126 0.016311 0.000010 0.777407 0.000010 0.038402 0.160735
0.000010 0.021523 0.001318 0.725485 0.005737 0.042945 0.202983
0.006732 0.110292 0.000010 0.471201 0.030284 0.000816 0.380665
0.008942 0.131441 0.007336 0.476597 0.014518 0.000010 0.361156
0.004009 0.050702 0.000010 0.582967 0.012009 0.000010 0.350293
0.002671 0.052206 0.010841 0.586051 0.000010 0.010648 0.337572
0.001994 0.020881 0.004600 0.926446 0.020417 0.022588 0.003074
0.000010 0.020733 0.002233 0.954309 0.011319 0.000935 0.010462
0.002669 0.012206 0.000010 0.939688 0.002767 0.031574 0.011086
0.006529 0.012083 0.000010 0.946945 0.011855 0.012815 0.009763
0.005811 0.016854 0.000010 0.951320 0.000010 0.014127 0.011868
0.010003 0.016787 0.003620 0.956138 0.000010 0.000010 0.013433
0.001575 0.026064 0.013000 0.929709 0.000010 0.027420 0.002223
0.004161 0.012347 0.000010 0.938431 0.000010 0.031178 0.013863
0.001699 0.009262 0.004514 0.968419 0.000010 0.000306 0.015791
0.008879 0.010520 0.010703 0.959853 0.000010 0.000010 0.010025
0.001283 0.000010 0.006656 0.980361 0.005435 0.000010 0.006244
0.004430 0.000010 0.000010 0.985285 0.000076 0.000010 0.010180
0.000010 0.000010 0.008458 0.979099 0.007252 0.000010 0.005161
0.000010 0.000010 0.002410 0.984220 0.000010 0.001461 0.011879
0.000010 0.000010 0.007258 0.973564 0.000010 0.000010 0.019138
0.000010 0.000010 0.000010 0.978256 0.000010 0.000010 0.021694
0.003720 0.009845 0.006546 0.942326 0.005772 0.014330 0.017460
0.008553 0.019657 0.015384 0.936207 0.000010 0.013729 0.006460
0.004936 0.034257 0.000010 0.911183 0.000010 0.030454 0.019150
0.000010 0.021832 0.005770 0.942867 0.000010 0.016898 0.012612
0.006798 0.022856 0.002265 0.935526 0.005661 0.014568 0.012324
0.005386 0.024237 0.008519 0.912356 0.000010 0.049483 0.000010
0.005055 0.014895 0.001794 0.945432 0.026045 0.000308 0.006472
0.001175 0.011098 0.012989 0.939647 0.000010 0.025491 0.009590
0.000500 0.061887 0.007981 0.695981 0.003253 0.015214 0.215184
0.007298 0.385568 0.000010 0.375584 0.000772 0.009051 0.221717
0.005762 0.000737 0.001842 0.306941 0.010724 0.022725 0.651268
0.005302 0.017188 0.000010 0.486951 0.030092 0.025348 0.435109
0.000193 0.000010 0.000010 0.357675 0.030635 0.002267 0.609209
0.000010 0.000010 0.008229 0.070960 0.000010 0.000010 0.920772
0.000010 0.066740 0.000010 0.476055 0.004059 0.033106 0.420019
0.000010 0.016035 0.010869 0.387936 0.000010 0.005013 0.580128
0.020431 0.000010 0.888067 0.000268 0.066058 0.022241 0.002925
0.006090 0.000010 0.903460 0.000010 0.074621 0.013501 0.002307
0.009842 0.000010 0.901491 0.000010 0.069987 0.015588 0.003072
0.011561 0.000010 0.878379 0.000010 0.088723 0.016481 0.004836
0.009423 0.000010 0.879889 0.000010 0.100314 0.006324 0.004030
0.006915 0.021690 0.001589 0.918595 0.000010 0.033556 0.017645
0.003637 0.022021 0.007923 0.928677 0.000010 0.019354 0.018377
0.010484 0.007528 0.009089 0.946314 0.000010 0.008496 0.018079
0.000010 0.010838 0.004029 0.967797 0.006759 0.000010 0.010557
0.004584 0.011199 0.004318 0.937670 0.000010 0.029025 0.013193
0.011477 0.016497 0.012786 0.939526 0.001209 0.012869 0.005635
0.003181 0.018537 0.009587 0.947546 0.000010 0.021129 0.000010
0.000010 0.028096 0.014821 0.937175 0.000010 0.016873 0.003015
0.000961 0.005692 0.000010 0.930498 0.001719 0.048622 0.012499
0.002885 0.009267 0.018000 0.940001 0.005036 0.023232 0.001579
0.000974 0.013903 0.023967 0.934698 0.000010 0.017668 0.008780
0.001657 0.012390 0.014820 0.942464 0.011414 0.000010 0.017245
0.003643 0.015469 0.000453 0.929393 0.000010 0.043945 0.007087
0.000956 0.021185 0.011905 0.942996 0.004458 0.009338 0.009162
0.004946 0.022889 0.000010 0.940354 0.000010 0.018185 0.013606
0.004557 0.018076 0.000010 0.938610 0.020161 0.014752 0.003834
0.006984 0.008281 0.000010 0.951698 0.006570 0.012352 0.014104
0.004862 0.062811 0.000010 0.885326 0.000010 0.043970 0.003010
0.007953 0.052429 0.000010 0.897399 0.015370 0.023404 0.003434
0.000010 0.005658 0.002840 0.954781 0.000010 0.026988 0.009712
0.000010 0.010836 0.008799 0.957992 0.000010 0.019877 0.002476
0.004474 0.028348 0.008085 0.899258 0.000010 0.040717 0.019108
0.008337 0.043938 0.002882 0.926915 0.003174 0.014743 0.000010
0.007140 0.011732 0.009031 0.940177 0.008327 0.023583 0.000010
0.000010 0.010125 0.003056 0.931119 0.000010 0.036875 0.018805
0.002111 0.005217 0.000010 0.951613 0.014150 0.019960 0.006938
0.006197 0.002897 0.000010 0.952742 0.006311 0.023986 0.007857
0.008594 0.005810 0.000180 0.968023 0.000010 0.000010 0.017372
0.013322 0.006444 0.021264 0.945807 0.000010 0.009009 0.004143
0.011226 0.006677 0.013629 0.960318 0.000010 0.005590 0.002550
0.000010 0.017078 0.008200 0.951311 0.002196 0.003566 0.017639
0.006098 0.002845 0.002204 0.965651 0.007357 0.015149 0.000696
0.008127 0.002947 0.013464 0.967997 0.000010 0.000010 0.007445
0.000010 0.028183 0.010176 0.932055 0.000010 0.018966 0.010600
0.002807 0.019492 0.000010 0.929302 0.005552 0.030948 0.011890
0.003102 0.051165 0.000010 0.903530 0.000010 0.035028 0.007156
0.000010 0.052114 0.000010 0.916500 0.012891 0.007497 0.010978
0.014920 0.020249 0.000010 0.916249 0.002132 0.031945 0.014495
0.000010 0.024521 0.016070 0.926059 0.000010 0.027760 0.005570
0.007831 0.000010 0.000010 0.977911 0.000010 0.000010 0.014217
0.000852 0.000010 0.000010 0.989246 0.006604 0.000010 0.003268
0.000010 0.033020 0.006619 0.915839 0.006675 0.029621 0.008217
0.002698 0.028263 0.011799 0.945375 0.008860 0.002523 0.000481
0.011609 0.017343 0.012949 0.933625 0.000010 0.009788 0.014677
0.000526 0.016202 0.014160 0.910263 0.000010 0.046932 0.011907
0.000010 0.020690 0.010439 0.938938 0.000010 0.024208 0.005705
0.000010 0.019835 0.011472 0.934404 0.000010 0.034259 0.000010
0.007066 0.005412 0.017864 0.967169 0.000010 0.000010 0.002469
0.000010 0.011152 0.010211 0.940851 0.000010 0.019718 0.018047
0.000010 0.014491 0.024861 0.942628 0.000010 0.014765 0.003234
0.000010 0.012142 0.009288 0.951870 0.000010 0.020062 0.006618
0.001844 0.008386 0.000010 0.967247 0.003377 0.011720 0.007416
0.006148 0.015352 0.004350 0.942200 0.000010 0.010092 0.021848
0.000010 0.006631 0.000010 0.967258 0.001984 0.002082 0.022026
0.003641 0.007450 0.004875 0.950305 0.000010 0.029772 0.003949
0.000010 0.006759 0.000010 0.967307 0.002597 0.008972 0.014346
0.006756 0.000010 0.010177 0.946389 0.000010 0.024141 0.012517
0.005173 0.001191 0.010450 0.958726 0.004143 0.005508 0.014809
0.001709 0.006935 0.007216 0.965217 0.000010 0.018903 0.000010
0.000010 0.010772 0.000010 0.952868 0.011884 0.013055 0.011401
0.000010 0.022647 0.001804 0.927187 0.000010 0.032862 0.015480
0.001027 0.014655 0.001340 0.943855 0.010199 0.019341 0.009583
0.007842 0.000010 0.000264 0.941070 0.000010 0.017368 0.033436
0.001468 0.000010 0.000010 0.930551 0.008632 0.043268 0.016061
0.004909 0.000010 0.975148 0.000010 0.019903 0.000010 0.000010
0.014078 0.000010 0.942051 0.000010 0.042390 0.001452 0.000010
0.006279 0.000010 0.966080 0.000010 0.027601 0.000010 0.000010
0.018808 0.000010 0.970901 0.000010 0.004600 0.000010 0.005662
0.001425 0.000010 0.691230 0.000010 0.302135 0.000010 0.005180
0.006251 0.000010 0.977336 0.000010 0.016373 0.000010 0.000010
0.000882 0.000010 0.952794 0.000010 0.040906 0.000010 0.005388
0.011034 0.000010 0.982142 0.000010 0.006785 0.000010 0.000010
0.018061 0.000010 0.938322 0.000010 0.038424 0.000010 0.005162
0.015861 0.000010 0.955735 0.000010 0.026551 0.000010 0.001823
0.009093 0.000010 0.979245 0.000010 0.006629 0.000010 0.005002
0.015200 0.000010 0.980858 0.000010 0.000755 0.003157 0.000010
0.009765 0.000010 0.922647 0.000010 0.061146 0.006027 0.000395
0.001720 0.000010 0.995531 0.000010 0.002708 0.000010 0.000010
0.007943 0.000010 0.961729 0.000010 0.019878 0.002605 0.007824
0.002742 0.000010 0.982749 0.000010 0.009504 0.002427 0.002558
0.005386 0.000010 0.943325 0.000010 0.051248 0.000010 0.000010
0.003075 0.000010 0.932701 0.000010 0.051599 0.005154 0.007451
0.017841 0.000010 0.964804 0.003950 0.007576 0.000010 0.005810
0.015993 0.000010 0.963325 0.000010 0.020642 0.000010 0.000010
0.016180 0.000010 0.983770 0.000010 0.000010 0.000010 0.000010
0.015491 0.000010 0.856548 0.000010 0.114103 0.013788 0.000050
0.015226 0.000010 0.894002 0.000010 0.069164 0.021578 0.000010
0.010913 0.000010 0.903303 0.000010 0.072783 0.012740 0.000241
0.014491 0.000010 0.883491 0.000010 0.069587 0.029146 0.003264
0.010334 0.000010 0.876099 0.000010 0.092307 0.017711 0.003530
0.006587 0.000010 0.858690 0.004773 0.105635 0.024295 0.000010
0.011431 0.000010 0.912578 0.000010 0.047141 0.027401 0.001429
0.010374 0.000010 0.880845 0.000010 0.084687 0.022252 0.001821
0.008102 0.000010 0.889278 0.000010 0.067528 0.032643 0.002428
0.005555 0.000010 0.847196 0.000314 0.125524 0.018174 0.003228
0.017689 0.000010 0.906175 0.000010 0.062729 0.007617 0.005770
0.017957 0.000010 0.872694 0.000010 0.080473 0.022716 0.006140
0.014039 0.000010 0.900964 0.000010 0.072851 0.009960 0.002164
0.011001 0.000010 0.881482 0.000010 0.078270 0.027967 0.001260
0.015418 0.000010 0.865833 0.000010 0.096198 0.018360 0.004171
0.014021 0.000010 0.894361 0.000010 0.070943 0.018757 0.001899
0.009243 0.000010 0.909198 0.000010 0.081519 0.000010 0.000010
0.001926 0.000010 0.922052 0.000010 0.058639 0.008007 0.009356
0.013587 0.000010 0.871075 0.000010 0.085113 0.021907 0.008299
0.002195 0.000010 0.841788 0.000010 0.135840 0.017551 0.002606
0.005303 0.000010 0.891880 0.000607 0.085089 0.013336 0.003775
0.016755 0.000010 0.856554 0.000010 0.107772 0.018889 0.000010
0.013528 0.000010 0.881386 0.000010 0.094705 0.008183 0.002179
0.018214 0.000010 0.873832 0.000010 0.071594 0.031827 0.004514
0.011569 0.000010 0.868966 0.000010 0.093103 0.023214 0.003128
0.011660 0.000010 0.904845 0.000010 0.059127 0.024338 0.000010
0.005107 0.000010 0.891526 0.000010 0.091239 0.008780 0.003327
0.014691 0.000010 0.907575 0.000010 0.057754 0.006141 0.013819
0.018234 0.000010 0.894269 0.000010 0.070993 0.016474 0.000010
0.013444 0.000010 0.821774 0.000010 0.143582 0.014118 0.007062
0.015755 0.000010 0.879855 0.005792 0.088049 0.005160 0.005380
0.009014 0.000010 0.851970 0.000010 0.110712 0.022459 0.005824
0.017485 0.000010 0.868076 0.000010 0.090903 0.022021 0.001495
0.000010 0.826445 0.018445 0.134094 0.004169 0.010186 0.006650
0.027943 0.549308 0.073661 0.046289 0.009328 0.274353 0.019118
0.001821 0.956947 0.000010 0.034146 0.000040 0.002693 0.004343
0.000010 0.848902 0.013469 0.128916 0.000010 0.005312 0.003380
0.000010 0.936364 0.000010 0.057653 0.004905 0.001047 0.000010
0.001272 0.877152 0.000010 0.109745 0.005246 0.000416 0.006159
0.000010 0.969272 0.000010 0.026314 0.003094 0.000010 0.001290
0.000010 0.873904 0.000010 0.113890 0.000010 0.004081 0.008096
0.000010 0.073619 0.010520 0.231083 0.002251 0.000010 0.682507
0.000010 0.122997 0.000010 0.309315 0.014891 0.011664 0.541112
0.005995 0.905281 0.000010 0.083994 0.004313 0.000397 0.000010
0.000010 0.967289 0.000010 0.021871 0.004117 0.004799 0.001905
0.000010 0.901140 0.000202 0.092644 0.000010 0.001608 0.004387
0.005904 0.841629 0.000010 0.138015 0.000010 0.010232 0.004201
0.000010 0.919755 0.000010 0.054229 0.000010 0.021635 0.004351
0.002930 0.010942 0.000010 0.158424 0.000010 0.006609 0.821076
0.000010 0.000010 0.000010 0.214823 0.004114 0.033318 0.747715
0.000010 0.000010 0.000010 0.052068 0.000010 0.000010 0.947882
0.004919 0.000010 0.000010 0.256382 0.025735 0.000010 0.712934
0.000010 0.000010 0.016574 0.088968 0.000010 0.000010 0.894419
0.000010 0.112967 0.068856 0.161025 0.008995 0.000010 0.648137
0.000010 0.000010 0.004382 0.036145 0.000567 0.000010 0.958876
0.000010 0.000010 0.000525 0.095634 0.002878 0.000010 0.900933
0.000010 0.000010 0.000010 0.235569 0.000010 0.000010 0.764381
0.000010 0.100020 0.046465 0.240612 0.012614 0.007102 0.593177
0.000010 0.031306 0.000769 0.317234 0.014943 0.006657 0.629081
0.000010 0.000010 0.000010 0.023840 0.010650 0.003387 0.962093
0.000010 0.000010 0.000010 0.238578 0.000010 0.007227 0.754155
0.003974 0.061588 0.002154 0.139358 0.015289 0.000010 0.777626
0.000010 0.000010 0.000010 0.181095 0.018054 0.004266 0.796555
0.001630 0.001496 0.277835 0.115841 0.115351 0.001658 0.486188
0.000010 0.001753 0.002565 0.228022 0.011824 0.010347 0.745478
0.000010 0.030510 0.000010 0.335192 0.028240 0.016772 0.589265
0.005489 0.170596 0.048323 0.128082 0.017152 0.011664 0.618696
0.005002 0.060354 0.003144 0.112479 0.007241 0.000010 0.811770
0.009668 0.011764 0.000180 0.030781 0.015640 0.010933 0.921034
0.000010 0.010494 0.000010 0.127400 0.007952 0.004129 0.850005
0.000010 0.000010 0.000010 0.110805 0.013331 0.017396 0.858438
