0.000010 0.143333 0.000010 0.028572 0.005822 0.000010 0.046471 0.000010 0.004357 0.771396 0.000010
0.000010 0.192676 0.000010 0.008364 0.000010 0.000010 0.068271 0.009046 0.000010 0.721583 0.000010
0.000010 0.168471 0.000010 0.018248 0.000013 0.000010 0.056874 0.000017 0.004856 0.751481 0.000010
0.000018 0.174832 0.000014 0.000010 0.000010 0.000010 0.067125 0.000010 0.000010 0.746098 0.011864
0.000014 0.191948 0.000019 0.005394 0.000013 0.000010 0.074908 0.000010 0.010881 0.716792 0.000010
0.001962 0.187801 0.000010 0.010546 0.000010 0.000010 0.058649 0.000010 0.002284 0.738708 0.000010
0.000012 0.136032 0.000010 0.028398 0.000015 0.000010 0.070011 0.000010 0.005808 0.757668 0.002026
0.005389 0.193811 0.000010 0.024094 0.000012 0.000010 0.050081 0.000010 0.000010 0.726564 0.000010
0.000010 0.200423 0.000010 0.010577 0.000010 0.000010 0.071130 0.000010 0.000010 0.705612 0.012197
0.000010 0.183133 0.000010 0.023536 0.000010 0.000010 0.058334 0.000010 0.003102 0.731835 0.000010
0.000010 0.188400 0.000010 0.026148 0.000010 0.000010 0.069627 0.000010 0.004340 0.708904 0.002532
0.000010 0.187180 0.000010 0.000010 0.008369 0.000010 0.078838 0.000017 0.006315 0.719231 0.000010
0.002150 0.178213 0.000010 0.000502 0.000011 0.000010 0.074535 0.000010 0.004900 0.737824 0.001835
0.005116 0.200984 0.000010 0.000010 0.000010 0.000010 0.060952 0.000010 0.000010 0.732878 0.000010
0.003966 0.160624 0.000010 0.014718 0.000010 0.000010 0.059514 0.000010 0.004286 0.756841 0.000010
0.005867 0.178927 0.000010 0.027688 0.000010 0.000010 0.061469 0.000285 0.002429 0.723295 0.000010
0.000010 0.175013 0.000010 0.017533 0.000010 0.000010 0.067511 0.000010 0.003456 0.736426 0.000010
0.000010 0.185142 0.000010 0.001082 0.000010 0.000010 0.075355 0.000010 0.005589 0.732772 0.000010
0.001769 0.173998 0.000010 0.015691 0.000529 0.000010 0.068280 0.000014 0.000010 0.739680 0.000010
0.000010 0.196218 0.000013 0.002708 0.000010 0.000010 0.086119 0.000010 0.005040 0.709852 0.000010
0.000230 0.202771 0.000010 0.016479 0.000010 0.000010 0.046184 0.000010 0.006750 0.727536 0.000010
0.000013 0.180907 0.000010 0.016575 0.000011 0.000010 0.059502 0.001496 0.000010 0.736603 0.004863
0.000010 0.176740 0.000010 0.002076 0.000010 0.000010 0.054394 0.002442 0.013407 0.750891 0.000010
0.015421 0.159462 0.000010 0.013035 0.000010 0.000010 0.050169 0.004213 0.000010 0.757650 0.000010
0.000010 0.170948 0.000010 0.034745 0.000011 0.000010 0.035692 0.000010 0.000228 0.756658 0.001677
0.000010 0.158983 0.000010 0.021061 0.000010 0.000010 0.059750 0.000727 0.005181 0.754247 0.000010
0.006970 0.182661 0.000010 0.016599 0.000010 0.000010 0.050757 0.002950 0.006152 0.733871 0.000010
0.000010 0.167451 0.000010 0.053133 0.000019 0.000010 0.046353 0.000010 0.000010 0.732984 0.000010
0.000010 0.168818 0.000010 0.000010 0.000019 0.000010 0.061265 0.010319 0.003329 0.756200 0.000010
0.000010 0.173240 0.000010 0.013143 0.000496 0.000010 0.061961 0.004855 0.007039 0.732429 0.006808
0.000010 0.205383 0.000010 0.008419 0.000010 0.000010 0.050660 0.000012 0.000010 0.735467 0.000010
0.000010 0.225043 0.000010 0.000345 0.000010 0.000010 0.073108 0.000010 0.003288 0.692263 0.005904
0.000015 0.220479 0.000010 0.000010 0.000010 0.000010 0.089864 0.000010 0.000012 0.689570 0.000010
0.000010 0.190789 0.000010 0.000010 0.009509 0.000010 0.073359 0.000010 0.002817 0.723466 0.000010
0.000010 0.220178 0.000010 0.000018 0.000010 0.000010 0.078702 0.004881 0.000010 0.696161 0.000010
0.002835 0.207360 0.000010 0.028708 0.000014 0.000010 0.042449 0.000010 0.001424 0.715784 0.001395
0.000146 0.197449 0.000010 0.021548 0.000010 0.000010 0.055070 0.001079 0.000010 0.718463 0.006205
0.000010 0.176919 0.000010 0.000010 0.000011 0.000010 0.083797 0.004510 0.001982 0.732732 0.000010
0.000010 0.198531 0.000010 0.005780 0.000012 0.000010 0.055064 0.000010 0.009713 0.729445 0.001416
0.000010 0.185008 0.000010 0.015961 0.000010 0.000010 0.069536 0.001426 0.000010 0.725981 0.002039
0.000010 0.195815 0.000010 0.015963 0.000014 0.000010 0.065925 0.000010 0.000318 0.721915 0.000010
0.000010 0.215479 0.000010 0.021721 0.000010 0.000010 0.051357 0.000013 0.001882 0.709498 0.000010
0.000010 0.215155 0.000010 0.000010 0.000010 0.000010 0.063344 0.005590 0.003465 0.708626 0.003768
0.000010 0.192459 0.000010 0.000010 0.000010 0.000010 0.078329 0.000010 0.006911 0.719236 0.003004
0.000010 0.198203 0.000010 0.023685 0.000010 0.000010 0.062546 0.000663 0.005206 0.709646 0.000010
0.000010 0.203194 0.000010 0.002473 0.000010 0.000010 0.069569 0.000010 0.000010 0.721960 0.002744
0.000010 0.219346 0.000010 0.016460 0.000014 0.000010 0.045295 0.000010 0.000010 0.716876 0.001959
0.000010 0.209848 0.000010 0.006615 0.000010 0.000010 0.061826 0.003709 0.011502 0.706449 0.000010
0.004599 0.200845 0.000010 0.009219 0.000010 0.000010 0.079385 0.007754 0.000010 0.697609 0.000549
0.000018 0.209531 0.000010 0.000011 0.000010 0.000010 0.068798 0.000014 0.001168 0.720420 0.000010
0.001381 0.197191 0.000010 0.000010 0.000010 0.000010 0.071364 0.003185 0.000240 0.726589 0.000010
0.000010 0.208392 0.000020 0.009974 0.000010 0.000010 0.082963 0.000010 0.003129 0.695472 0.000010
0.002993 0.209126 0.000010 0.000010 0.000013 0.000010 0.049958 0.005168 0.003621 0.728791 0.000301
0.011203 0.201889 0.000010 0.000011 0.000010 0.000010 0.064328 0.000010 0.000010 0.722509 0.000010
0.006044 0.199678 0.000010 0.010460 0.000012 0.000010 0.058910 0.010306 0.005222 0.707462 0.001886
0.000010 0.207711 0.000010 0.013274 0.000010 0.000010 0.072619 0.000010 0.002217 0.704119 0.000010
0.000010 0.214092 0.000010 0.000010 0.000010 0.000010 0.067680 0.000010 0.000010 0.718148 0.000010
0.000010 0.221332 0.000010 0.000010 0.000018 0.000010 0.044551 0.000293 0.003753 0.730003 0.000010
0.005820 0.203741 0.000010 0.000010 0.000010 0.000010 0.060775 0.005274 0.000010 0.724330 0.000010
0.001253 0.201570 0.000010 0.000010 0.000010 0.000010 0.087028 0.000249 0.014120 0.693313 0.002427
0.000010 0.208611 0.000013 0.000010 0.000010 0.000010 0.067943 0.005664 0.000010 0.714395 0.003324
0.000010 0.185380 0.000010 0.011445 0.000010 0.000010 0.055575 0.000010 0.002011 0.744876 0.000663
0.000011 0.000018 0.000010 0.000010 0.065462 0.000010 0.075545 0.000010 0.000010 0.844759 0.014156
0.000010 0.056671 0.000010 0.000010 0.044572 0.000010 0.082860 0.000010 0.013029 0.802808 0.000010
0.000010 0.000010 0.000010 0.009065 0.056423 0.000010 0.078879 0.004471 0.007049 0.838220 0.005853
0.000010 0.000010 0.000010 0.000010 0.080344 0.000010 0.099396 0.000179 0.011203 0.808101 0.000727
0.000010 0.000010 0.000010 0.004564 0.058033 0.000010 0.086689 0.001126 0.014164 0.835375 0.000010
0.000010 0.018219 0.000010 0.000010 0.067066 0.000010 0.091879 0.000010 0.000010 0.808103 0.014672
0.000019 0.021729 0.000010 0.012971 0.064706 0.000010 0.081657 0.000010 0.000010 0.806125 0.012753
0.000010 0.132115 0.000010 0.011167 0.056150 0.000484 0.105959 0.008896 0.000010 0.685068 0.000131
0.000010 0.000010 0.000010 0.000010 0.066546 0.000010 0.095483 0.000010 0.006654 0.818993 0.012264
0.000014 0.000010 0.000010 0.013129 0.061221 0.000010 0.095899 0.007521 0.006063 0.816112 0.000010
0.000014 0.000010 0.000010 0.000010 0.070984 0.000010 0.104812 0.000010 0.003428 0.811566 0.009146
0.000010 0.000010 0.000010 0.000610 0.055682 0.000010 0.078040 0.006160 0.008741 0.841671 0.009056
0.000010 0.000010 0.000010 0.000010 0.074515 0.000010 0.104921 0.004727 0.017904 0.797874 0.000010
0.000010 0.016736 0.000010 0.000017 0.068702 0.000010 0.089625 0.000010 0.000010 0.824860 0.000010
0.000010 0.010822 0.000010 0.000010 0.063136 0.000010 0.093059 0.000010 0.005097 0.820746 0.007090
0.000302 0.055633 0.000010 0.015184 0.046711 0.000010 0.089225 0.000010 0.013876 0.779030 0.000010
0.000010 0.226540 0.000010 0.000010 0.000010 0.000010 0.092332 0.000010 0.004973 0.670205 0.005890
0.000010 0.184562 0.000010 0.008820 0.000010 0.000010 0.059648 0.003994 0.005487 0.737439 0.000010
0.004444 0.224840 0.000010 0.000010 0.000010 0.000010 0.082910 0.006321 0.000010 0.681426 0.000010
0.000010 0.198248 0.000010 0.025222 0.000010 0.000010 0.052609 0.000344 0.004034 0.719494 0.000010
0.006205 0.215790 0.000010 0.018602 0.000010 0.000010 0.052831 0.000010 0.001481 0.705042 0.000010
0.004949 0.219282 0.000015 0.000010 0.001459 0.000010 0.059701 0.000019 0.000010 0.714072 0.000473
0.007158 0.198717 0.000010 0.026183 0.000010 0.000010 0.055562 0.000011 0.000010 0.712321 0.000010
0.000232 0.194151 0.000010 0.018947 0.000010 0.000010 0.076101 0.002402 0.000548 0.707579 0.000010
0.000020 0.204472 0.000010 0.003483 0.000010 0.000010 0.074694 0.000013 0.000010 0.717268 0.000010
0.000010 0.191932 0.000010 0.002630 0.000010 0.000010 0.071129 0.000010 0.000010 0.730156 0.004093
0.000010 0.195724 0.000010 0.007077 0.000010 0.000010 0.061560 0.000555 0.000619 0.719712 0.014712
0.000010 0.217576 0.000010 0.007725 0.000010 0.000010 0.056815 0.000010 0.006541 0.711282 0.000010
0.000013 0.211718 0.000010 0.012180 0.000010 0.000010 0.060919 0.000399 0.006847 0.707883 0.000010
0.000014 0.216589 0.000010 0.010084 0.002087 0.000010 0.041384 0.000010 0.004942 0.724860 0.000010
0.000010 0.219616 0.000019 0.007726 0.000010 0.000010 0.062912 0.003611 0.013575 0.692381 0.000131
0.000019 0.210014 0.000010 0.020279 0.000010 0.000010 0.057335 0.000010 0.001238 0.701764 0.009311
0.000010 0.202552 0.000010 0.000015 0.000010 0.000010 0.061491 0.004479 0.000010 0.730954 0.000459
0.000010 0.200489 0.000010 0.019265 0.000010 0.000010 0.084040 0.000877 0.000010 0.689678 0.005601
0.000010 0.220685 0.000010 0.002625 0.000010 0.000010 0.064865 0.000010 0.008488 0.697070 0.006216
0.000010 0.188232 0.000010 0.007746 0.012409 0.000010 0.072525 0.000010 0.001695 0.717342 0.000010
0.000010 0.212202 0.000010 0.013989 0.000010 0.000010 0.039190 0.005274 0.002509 0.726787 0.000010
0.000010 0.217282 0.000010 0.018125 0.000010 0.000010 0.068067 0.002108 0.000010 0.688850 0.005517
0.000010 0.201182 0.000010 0.005558 0.000010 0.000010 0.080827 0.000010 0.000010 0.706713 0.005661
0.002750 0.196185 0.000010 0.000010 0.008226 0.000010 0.065458 0.000010 0.000020 0.727310 0.000010
0.000010 0.218276 0.000010 0.021631 0.000010 0.000010 0.060396 0.000010 0.000010 0.699627 0.000010
0.004660 0.207712 0.000010 0.000010 0.000014 0.000010 0.060006 0.000364 0.000010 0.717174 0.010030
0.003431 0.208841 0.000010 0.004954 0.000010 0.000010 0.071656 0.000010 0.000010 0.708471 0.002597
0.000010 0.214944 0.000010 0.011305 0.000010 0.000010 0.051056 0.000010 0.007413 0.715223 0.000010
0.000015 0.238525 0.000010 0.024444 0.000012 0.000010 0.023722 0.000101 0.000905 0.712246 0.000010
0.000010 0.193943 0.000010 0.007320 0.000010 0.000010 0.064814 0.000010 0.006690 0.727172 0.000010
0.000658 0.203137 0.000010 0.018383 0.000010 0.000010 0.056562 0.002759 0.004518 0.713944 0.000010
0.000010 0.198390 0.000010 0.000010 0.001309 0.000010 0.047667 0.000010 0.006081 0.741025 0.005478
0.000010 0.190544 0.000010 0.033493 0.000013 0.000010 0.047369 0.000509 0.000727 0.727305 0.000010
0.000010 0.026370 0.000010 0.011707 0.061316 0.000010 0.084339 0.000041 0.004046 0.812141 0.000010
0.000014 0.000010 0.000011 0.000010 0.074223 0.000010 0.094848 0.000010 0.000010 0.824016 0.006839
0.005687 0.024582 0.000010 0.004571 0.043592 0.000010 0.100739 0.001226 0.000010 0.813871 0.005702
0.000017 0.000010 0.000016 0.007882 0.046368 0.000010 0.096363 0.006127 0.014124 0.829071 0.000010
0.000010 0.017104 0.000010 0.000010 0.051558 0.000010 0.070317 0.016720 0.002129 0.839540 0.002591
0.000010 0.000010 0.000010 0.000010 0.089010 0.000010 0.084777 0.000010 0.001423 0.823737 0.000994
0.000010 0.000010 0.000010 0.000010 0.071217 0.000010 0.100968 0.000010 0.012477 0.813014 0.002264
0.010695 0.036347 0.000010 0.012501 0.050459 0.000010 0.070120 0.000010 0.000482 0.808104 0.011262
0.000018 0.004299 0.000019 0.000010 0.048214 0.000010 0.093909 0.001106 0.000010 0.846613 0.005792
0.000108 0.029865 0.000010 0.000010 0.039078 0.000010 0.109440 0.003597 0.006895 0.807722 0.003265
0.000010 0.000082 0.000010 0.000010 0.053361 0.000010 0.106661 0.008645 0.009911 0.812415 0.008887
0.000010 0.041091 0.000010 0.014363 0.025024 0.000010 0.086964 0.004450 0.007955 0.814092 0.006032
0.000018 0.000010 0.000014 0.007103 0.052518 0.000010 0.109938 0.000010 0.013906 0.816462 0.000010
0.000012 0.000010 0.000010 0.015030 0.049062 0.000010 0.078210 0.003105 0.000010 0.837917 0.016624
0.000012 0.000010 0.000010 0.000010 0.051023 0.000010 0.111085 0.002526 0.009911 0.814182 0.011222
0.000014 0.000010 0.000010 0.000010 0.072924 0.000010 0.103461 0.005006 0.000019 0.818527 0.000010
0.002816 0.000010 0.000010 0.000018 0.057117 0.000010 0.101659 0.000010 0.008622 0.829718 0.000010
0.003170 0.000010 0.000010 0.000010 0.076278 0.000010 0.085342 0.000010 0.005093 0.826252 0.003815
0.000010 0.041252 0.000010 0.022437 0.036604 0.000010 0.082938 0.000010 0.008592 0.808127 0.000010
0.014529 0.000010 0.000010 0.000020 0.047686 0.000010 0.116906 0.000820 0.007147 0.812852 0.000010
0.000010 0.000010 0.000010 0.000010 0.055309 0.000010 0.092805 0.000010 0.000010 0.841336 0.010480
0.000010 0.011107 0.000010 0.013187 0.050416 0.000010 0.092560 0.000018 0.007706 0.824965 0.000010
0.002289 0.057230 0.000010 0.000010 0.036073 0.000010 0.076950 0.000010 0.005990 0.815607 0.005822
0.000010 0.024196 0.000010 0.010849 0.043405 0.000010 0.101017 0.000010 0.004378 0.813862 0.002252
0.000010 0.000010 0.000010 0.000010 0.066104 0.000010 0.096500 0.002997 0.000010 0.821073 0.013266
0.000019 0.025962 0.000010 0.000010 0.064724 0.000010 0.099675 0.001247 0.010408 0.794811 0.003124
0.000010 0.017393 0.000010 0.000018 0.054786 0.000010 0.085449 0.000010 0.012817 0.829488 0.000010
0.000010 0.000010 0.000010 0.000010 0.058645 0.000010 0.098820 0.002430 0.007400 0.832645 0.000010
0.000010 0.028185 0.000010 0.013099 0.053913 0.000010 0.056187 0.004492 0.015339 0.828745 0.000010
0.000010 0.010799 0.000010 0.012871 0.053470 0.000010 0.077900 0.001713 0.015592 0.814985 0.012640
0.000010 0.000010 0.000010 0.000010 0.078020 0.000010 0.077079 0.000020 0.000010 0.844811 0.000010
0.000010 0.000010 0.000017 0.000010 0.057995 0.000010 0.084548 0.000250 0.002657 0.840308 0.014186
0.000010 0.000010 0.000010 0.000010 0.071406 0.000010 0.088222 0.000400 0.000010 0.828666 0.011246
0.000010 0.000010 0.000010 0.000010 0.052243 0.000010 0.075975 0.000010 0.011166 0.856017 0.004539
0.005096 0.000227 0.000010 0.000010 0.058330 0.000010 0.101691 0.000010 0.000010 0.817217 0.017389
0.005008 0.003475 0.000010 0.000010 0.051596 0.000010 0.087114 0.000498 0.008587 0.841473 0.002218
0.000012 0.057111 0.000010 0.000010 0.050066 0.000010 0.098104 0.000010 0.009852 0.784805 0.000010
0.000010 0.010145 0.000010 0.009073 0.051314 0.000010 0.069019 0.010851 0.001789 0.839684 0.008095
0.000010 0.025999 0.000010 0.000010 0.052469 0.000010 0.090130 0.000010 0.011865 0.819478 0.000010
0.000013 0.021553 0.000010 0.006865 0.043660 0.000010 0.099966 0.000013 0.000010 0.805114 0.022785
0.000383 0.014606 0.000010 0.003524 0.034939 0.000010 0.105010 0.000010 0.005004 0.831338 0.005164
0.000010 0.013774 0.000010 0.000010 0.061139 0.000010 0.090109 0.000014 0.003929 0.830986 0.000010
0.000010 0.000010 0.000010 0.004914 0.068499 0.000010 0.074148 0.000010 0.009970 0.842408 0.000010
0.000010 0.035652 0.000010 0.000010 0.044681 0.000010 0.097108 0.000010 0.007514 0.814984 0.000010
0.000362 0.017649 0.000010 0.024390 0.076601 0.000010 0.067858 0.003955 0.005189 0.803965 0.000010
0.000010 0.128007 0.005110 0.030106 0.036051 0.000010 0.088801 0.000010 0.007076 0.700183 0.004635
0.000020 0.000010 0.000010 0.000010 0.071144 0.000010 0.078028 0.000010 0.000010 0.838983 0.011766
0.000015 0.000014 0.000010 0.000010 0.053580 0.000010 0.077143 0.006439 0.001347 0.848992 0.012441
0.000010 0.082037 0.000020 0.001357 0.031007 0.000010 0.087608 0.000693 0.000010 0.796175 0.001074
0.000010 0.000010 0.000018 0.005695 0.063566 0.000010 0.080392 0.000318 0.006057 0.834589 0.009335
0.008157 0.040835 0.000010 0.000010 0.040608 0.000010 0.076489 0.001510 0.003201 0.818407 0.010765
0.000010 0.000010 0.000010 0.000567 0.062626 0.000010 0.077552 0.010311 0.003719 0.844200 0.000985
0.000016 0.081902 0.000013 0.000010 0.033876 0.000010 0.091396 0.000014 0.000010 0.783038 0.009715
0.000010 0.000010 0.000010 0.008734 0.056654 0.000010 0.085557 0.000010 0.013293 0.835702 0.000010
0.009451 0.001401 0.000010 0.000910 0.056465 0.000010 0.082295 0.005715 0.009885 0.832886 0.000972
0.000010 0.000014 0.000010 0.000010 0.055321 0.000010 0.098000 0.000013 0.010331 0.836270 0.000010
0.000010 0.036216 0.000010 0.000010 0.055939 0.000010 0.056796 0.000010 0.008988 0.833766 0.008245
0.000010 0.000010 0.000010 0.000015 0.064212 0.000010 0.072820 0.000010 0.008129 0.838111 0.016663
0.000010 0.014491 0.000010 0.000010 0.067209 0.000010 0.080469 0.000010 0.000010 0.834001 0.003770
0.000010 0.027671 0.000010 0.000010 0.040257 0.000010 0.084932 0.010455 0.012596 0.824041 0.000010
0.000010 0.000010 0.000010 0.000010 0.072941 0.000010 0.088391 0.003097 0.007176 0.824937 0.003408
0.008758 0.002183 0.000010 0.005641 0.051347 0.000010 0.087293 0.006049 0.000010 0.823978 0.014721
0.000017 0.000525 0.000010 0.000010 0.059463 0.000010 0.095823 0.000010 0.012286 0.831837 0.000010
0.000010 0.000010 0.000010 0.000017 0.065469 0.000010 0.090750 0.000010 0.004420 0.826581 0.012713
0.000221 0.000010 0.000010 0.003483 0.054143 0.000010 0.108200 0.000010 0.000010 0.810001 0.023904
0.000020 0.016741 0.000010 0.000010 0.062253 0.000010 0.082752 0.000010 0.000010 0.818799 0.019385
0.000010 0.000010 0.000010 0.000010 0.062201 0.000010 0.074674 0.002807 0.000010 0.840736 0.019522
0.000010 0.000010 0.000010 0.000018 0.049935 0.000010 0.108838 0.000010 0.008203 0.822967 0.009989
0.000010 0.000010 0.000010 0.001937 0.052611 0.000010 0.103800 0.007099 0.004038 0.830465 0.000010
0.000010 0.000010 0.000010 0.000010 0.051423 0.000010 0.093274 0.004605 0.001167 0.838190 0.011291
0.000010 0.000010 0.000010 0.000010 0.067150 0.000010 0.086067 0.000010 0.006728 0.824012 0.015982
0.000019 0.000010 0.000010 0.015050 0.062905 0.000010 0.077658 0.000010 0.003493 0.840825 0.000010
0.000010 0.032689 0.000010 0.004983 0.038566 0.000010 0.071578 0.003788 0.000283 0.837833 0.010250
0.000010 0.012125 0.000010 0.009523 0.065279 0.000010 0.096163 0.000010 0.011549 0.795784 0.009537
0.000010 0.000010 0.000010 0.000010 0.066042 0.000010 0.067006 0.005021 0.000010 0.851591 0.010280
0.000016 0.049257 0.000010 0.012939 0.028454 0.000010 0.081528 0.002567 0.007661 0.817548 0.000010
0.000010 0.016967 0.000010 0.000010 0.054071 0.000010 0.095047 0.002593 0.007786 0.819544 0.003952
0.000010 0.000010 0.000010 0.000010 0.075050 0.000010 0.088199 0.002510 0.005740 0.826715 0.001737
0.000016 0.000010 0.000010 0.000010 0.070198 0.000010 0.091351 0.000010 0.001824 0.827040 0.009522
0.008172 0.002554 0.000010 0.003461 0.048442 0.000010 0.100006 0.000010 0.006245 0.830834 0.000255
0.633717 0.000010 0.000010 0.000010 0.358881 0.000010 0.000010 0.000010 0.007322 0.000010 0.000010
0.639587 0.000010 0.000010 0.000012 0.360321 0.000010 0.000010 0.000010 0.000010 0.000010 0.000010
0.679883 0.000010 0.000010 0.000010 0.320021 0.000010 0.000010 0.000016 0.000010 0.000010 0.000010
0.681848 0.000010 0.000010 0.000010 0.318057 0.000010 0.000010 0.000010 0.000015 0.000010 0.000010
0.611267 0.000010 0.000010 0.000010 0.385193 0.000010 0.000010 0.003460 0.000011 0.000010 0.000010
0.679725 0.000010 0.000010 0.000010 0.319984 0.000010 0.000010 0.000093 0.000128 0.000010 0.000010
0.648726 0.000010 0.000010 0.000010 0.349281 0.000010 0.000019 0.001904 0.000010 0.000010 0.000010
0.679438 0.000010 0.000010 0.000010 0.316876 0.000010 0.000010 0.000010 0.003605 0.000010 0.000010
0.645967 0.000010 0.000010 0.000010 0.349239 0.000010 0.000010 0.004388 0.000055 0.000010 0.000292
0.689998 0.000010 0.000010 0.000010 0.309908 0.000010 0.000010 0.000014 0.000010 0.000010 0.000010
0.664046 0.000010 0.000010 0.000010 0.335864 0.000010 0.000010 0.000010 0.000010 0.000010 0.000010
0.662761 0.000010 0.000010 0.000010 0.333654 0.000010 0.000010 0.000010 0.000010 0.000198 0.003317
0.679899 0.000010 0.000010 0.000010 0.320011 0.000010 0.000010 0.000010 0.000010 0.000010 0.000010
0.661744 0.003397 0.000010 0.000014 0.330698 0.000010 0.000010 0.000010 0.003608 0.000010 0.000489
0.646552 0.000010 0.000010 0.000010 0.348100 0.000010 0.000010 0.005266 0.000013 0.000010 0.000010
0.665895 0.000010 0.000010 0.000010 0.334009 0.000010 0.000010 0.000010 0.000016 0.000010 0.000010
0.650964 0.000014 0.000010 0.000010 0.338881 0.000010 0.000010 0.006064 0.000010 0.000010 0.004016
0.653435 0.000010 0.000010 0.000010 0.343743 0.000010 0.000010 0.000010 0.000010 0.000010 0.002741
0.666574 0.000010 0.000010 0.000010 0.333336 0.000010 0.000010 0.000010 0.000010 0.000010 0.000010
0.666892 0.000010 0.000010 0.000010 0.329593 0.000010 0.000010 0.000010 0.000010 0.000010 0.003434
0.668509 0.000010 0.000010 0.000010 0.331256 0.000010 0.000155 0.000010 0.000010 0.000010 0.000010
0.677250 0.000010 0.000010 0.000010 0.319560 0.000010 0.000010 0.003106 0.000014 0.000010 0.000010
0.670839 0.000010 0.000010 0.000010 0.328675 0.000010 0.000010 0.000406 0.000010 0.000010 0.000010
0.648734 0.000010 0.000010 0.000010 0.345011 0.000010 0.000010 0.000018 0.006167 0.000010 0.000010
0.661403 0.000010 0.000010 0.000010 0.332660 0.000010 0.000010 0.000010 0.005857 0.000010 0.000010
0.656388 0.000010 0.000010 0.000010 0.340850 0.000010 0.000018 0.000010 0.000010 0.000010 0.002673
0.632362 0.000010 0.000010 0.000010 0.363369 0.000010 0.000010 0.001433 0.000010 0.000010 0.002765
0.655743 0.000010 0.000010 0.000010 0.344164 0.000010 0.000012 0.000011 0.000010 0.000010 0.000010
0.660066 0.000010 0.000010 0.000010 0.336545 0.000010 0.000010 0.000010 0.000014 0.000010 0.003305
0.667194 0.000010 0.000010 0.000010 0.329034 0.000010 0.000010 0.003357 0.000342 0.000013 0.000010
0.670878 0.000010 0.000010 0.000017 0.328532 0.000010 0.000013 0.000010 0.000499 0.000010 0.000010
0.656522 0.000010 0.000010 0.000010 0.343388 0.000010 0.000010 0.000010 0.000010 0.000010 0.000010
0.669852 0.000010 0.000010 0.000010 0.330058 0.000010 0.000010 0.000010 0.000010 0.000010 0.000010
0.668793 0.000010 0.000010 0.000010 0.329077 0.000010 0.000010 0.000010 0.002050 0.000010 0.000010
0.626322 0.000010 0.000010 0.000010 0.369355 0.000010 0.000010 0.000296 0.000015 0.000010 0.003951
0.654541 0.000010 0.000010 0.000010 0.345368 0.000010 0.000010 0.000010 0.000011 0.000010 0.000010
0.699711 0.000010 0.000010 0.000010 0.297514 0.000010 0.000015 0.002690 0.000010 0.000010 0.000010
0.659869 0.000010 0.000010 0.000010 0.340035 0.000010 0.000010 0.000010 0.000010 0.000016 0.000010
0.650356 0.000010 0.000010 0.000010 0.342159 0.000010 0.000888 0.000693 0.000010 0.000010 0.005843
0.682117 0.000010 0.000010 0.000010 0.317793 0.000010 0.000010 0.000010 0.000010 0.000010 0.000010
0.661174 0.000010 0.000010 0.000010 0.338730 0.000010 0.000010 0.000010 0.000016 0.000010 0.000010
0.659615 0.000010 0.000010 0.000010 0.340295 0.000010 0.000010 0.000010 0.000010 0.000010 0.000010
0.698967 0.000010 0.000010 0.000010 0.293023 0.000010 0.000010 0.000018 0.007922 0.000010 0.000010
0.000010 0.328485 0.000017 0.000010 0.019053 0.082302 0.017139 0.000010 0.064309 0.399850 0.088816
0.000010 0.303095 0.006142 0.004595 0.000010 0.173008 0.018145 0.001610 0.058980 0.293146 0.141260
0.000010 0.318587 0.001339 0.037181 0.000010 0.067237 0.024423 0.009318 0.033462 0.427453 0.080980
0.645915 0.000010 0.000010 0.000010 0.353988 0.000010 0.000010 0.000010 0.000017 0.000010 0.000010
0.637360 0.000010 0.000010 0.000010 0.362544 0.000010 0.000010 0.000010 0.000016 0.000010 0.000010
0.583043 0.000010 0.000010 0.000010 0.416248 0.000010 0.000010 0.000010 0.000010 0.000010 0.000630
0.619853 0.000010 0.000010 0.000010 0.380057 0.000010 0.000010 0.000010 0.000010 0.000010 0.000010
0.660671 0.000010 0.000010 0.000010 0.339239 0.000010 0.000010 0.000010 0.000010 0.000010 0.000010
0.663599 0.000010 0.000010 0.000010 0.336176 0.000010 0.000010 0.000010 0.000145 0.000010 0.000010
0.665188 0.000010 0.000010 0.000010 0.334722 0.000010 0.000010 0.000010 0.000010 0.000011 0.000010
0.653587 0.000010 0.000010 0.000010 0.346320 0.000010 0.000010 0.000010 0.000010 0.000013 0.000010
0.619933 0.000010 0.000010 0.000019 0.379960 0.000010 0.000012 0.000010 0.000016 0.000010 0.000010
0.651010 0.000010 0.000010 0.000010 0.348894 0.000010 0.000017 0.000010 0.000010 0.000010 0.000010
0.740813 0.000010 0.000010 0.000010 0.257479 0.000010 0.000010 0.001628 0.000010 0.000010 0.000010
0.643789 0.000010 0.000010 0.000010 0.356114 0.000010 0.000010 0.000010 0.000016 0.000010 0.000010
0.645968 0.000017 0.000010 0.000010 0.349886 0.000010 0.000010 0.000018 0.004050 0.000010 0.000010
0.684581 0.000015 0.000010 0.010700 0.291471 0.000010 0.000010 0.009071 0.004108 0.000014 0.000010
0.461818 0.000021 0.000010 0.000010 0.517732 0.000010 0.003946 0.000469 0.000010 0.003133 0.012841
0.645592 0.000010 0.000010 0.000010 0.354318 0.000010 0.000010 0.000010 0.000010 0.000010 0.000010
0.648319 0.000010 0.000010 0.000010 0.351584 0.000010 0.000010 0.000010 0.000017 0.000010 0.000010
0.626033 0.000010 0.000010 0.000010 0.373877 0.000010 0.000010 0.000010 0.000010 0.000010 0.000010
0.649190 0.000017 0.000010 0.000495 0.350225 0.000010 0.000013 0.000010 0.000010 0.000010 0.000010
0.656736 0.000010 0.000010 0.000010 0.343173 0.000010 0.000010 0.000010 0.000011 0.000010 0.000010
0.637031 0.000010 0.000010 0.000010 0.362879 0.000010 0.000010 0.000010 0.000010 0.000010 0.000010
0.619129 0.000010 0.000010 0.000010 0.380781 0.000010 0.000010 0.000010 0.000010 0.000010 0.000010
0.659174 0.000010 0.000010 0.000010 0.339919 0.000010 0.000010 0.000826 0.000011 0.000010 0.000010
0.652070 0.000010 0.000010 0.000010 0.346081 0.000010 0.000010 0.001769 0.000010 0.000010 0.000010
0.640391 0.000010 0.000010 0.000010 0.358598 0.000010 0.000010 0.000010 0.000931 0.000010 0.000010
0.724407 0.000010 0.000010 0.000010 0.269256 0.000010 0.000010 0.004339 0.001928 0.000010 0.000010
0.652276 0.000010 0.000010 0.000010 0.347634 0.000010 0.000010 0.000010 0.000010 0.000010 0.000010
0.656864 0.000010 0.000010 0.000010 0.338708 0.000010 0.000010 0.003731 0.000010 0.000010 0.000627
0.666448 0.000010 0.000010 0.000010 0.332207 0.000010 0.000010 0.000010 0.001201 0.000010 0.000074
0.641205 0.000010 0.000010 0.000010 0.358705 0.000010 0.000010 0.000010 0.000010 0.000010 0.000010
0.632373 0.000010 0.000010 0.000010 0.367537 0.000010 0.000010 0.000010 0.000010 0.000010 0.000010
0.004024 0.296023 0.000010 0.000010 0.004211 0.143584 0.012168 0.007604 0.048990 0.395955 0.087420
0.005055 0.311578 0.000010 0.012218 0.000010 0.162607 0.000010 0.000010 0.046473 0.357016 0.105013
0.000012 0.336218 0.000010 0.016782 0.014427 0.066526 0.046563 0.000935 0.035408 0.421399 0.061721
0.006650 0.315563 0.005263 0.027805 0.003611 0.069916 0.014661 0.001895 0.070637 0.393888 0.090111
0.787046 0.000010 0.000010 0.000010 0.210551 0.000010 0.000010 0.000772 0.001561 0.000010 0.000010
0.748454 0.000010 0.000010 0.000015 0.249571 0.000010 0.000017 0.000010 0.001884 0.000010 0.000010
0.769062 0.000010 0.000010 0.000010 0.230843 0.000010 0.000010 0.000010 0.000015 0.000010 0.000010
0.710131 0.000010 0.000010 0.000010 0.289772 0.000010 0.000010 0.000010 0.000017 0.000010 0.000010
0.769196 0.000010 0.000010 0.000010 0.222310 0.000010 0.000010 0.006966 0.001458 0.000010 0.000010
0.731160 0.000010 0.000010 0.000010 0.266805 0.000010 0.000010 0.000010 0.000519 0.000010 0.001446
0.729207 0.000010 0.000010 0.000010 0.266250 0.000010 0.000010 0.004115 0.000358 0.000010 0.000010
0.760372 0.000010 0.000010 0.000017 0.239463 0.000010 0.000010 0.000011 0.000010 0.000010 0.000078
0.741854 0.000010 0.000010 0.000010 0.255700 0.000010 0.000010 0.002367 0.000010 0.000010 0.000010
0.762120 0.000010 0.000010 0.000010 0.235094 0.000010 0.000010 0.002707 0.000010 0.000010 0.000010
0.735946 0.000010 0.000010 0.000012 0.254891 0.000010 0.000010 0.005548 0.003544 0.000010 0.000010
0.741007 0.000010 0.000010 0.000010 0.258903 0.000010 0.000010 0.000010 0.000010 0.000010 0.000010
0.729120 0.000010 0.000010 0.000010 0.270790 0.000010 0.000010 0.000010 0.000010 0.000010 0.000010
0.769091 0.000010 0.000010 0.000010 0.219078 0.000010 0.000010 0.007498 0.000663 0.000010 0.003610
0.728932 0.000013 0.000010 0.000020 0.266759 0.000010 0.000010 0.000010 0.000251 0.000010 0.003975
0.739675 0.000010 0.000010 0.000015 0.260223 0.000010 0.000010 0.000017 0.000010 0.000010 0.000010
0.737090 0.000010 0.000010 0.000010 0.262323 0.000010 0.000010 0.000010 0.000507 0.000010 0.000010
0.718131 0.000010 0.000010 0.000010 0.276142 0.000010 0.000010 0.000015 0.005107 0.000010 0.000545
0.726483 0.000010 0.000010 0.000014 0.273423 0.000010 0.000010 0.000010 0.000010 0.000010 0.000010
0.735196 0.000010 0.000010 0.000010 0.264714 0.000010 0.000010 0.000010 0.000010 0.000010 0.000010
0.766971 0.000010 0.000010 0.000010 0.225736 0.000010 0.000010 0.004697 0.002526 0.000010 0.000010
0.729361 0.000010 0.000010 0.000010 0.270549 0.000010 0.000010 0.000010 0.000010 0.000010 0.000010
0.751346 0.000010 0.000010 0.000010 0.248558 0.000010 0.000010 0.000010 0.000016 0.000010 0.000010
0.759403 0.000010 0.000010 0.000010 0.239395 0.000010 0.000010 0.000010 0.001122 0.000010 0.000010
0.015640 0.385139 0.000010 0.001427 0.000010 0.018219 0.037018 0.005398 0.024238 0.449104 0.063798
0.006734 0.369276 0.001468 0.002959 0.019321 0.045089 0.018436 0.005301 0.042987 0.404952 0.083477
0.007384 0.289587 0.011873 0.006900 0.000010 0.092517 0.002288 0.000387 0.073236 0.380067 0.135752
0.000010 0.301651 0.004191 0.000010 0.000010 0.051024 0.035736 0.014014 0.041746 0.489476 0.062133
0.000010 0.286701 0.012052 0.000010 0.000010 0.070967 0.019213 0.008806 0.045499 0.493091 0.063640
0.000010 0.269805 0.005074 0.020010 0.000010 0.040492 0.036144 0.003285 0.016237 0.548175 0.060759
0.006351 0.306431 0.000661 0.000010 0.008525 0.124805 0.000010 0.000010 0.035409 0.412705 0.105083
0.946958 0.000010 0.000010 0.000010 0.031691 0.000010 0.008105 0.012763 0.000010 0.000010 0.000423
0.977088 0.000010 0.000010 0.000010 0.000010 0.000010 0.000010 0.014752 0.008080 0.000010 0.000010
0.973351 0.000010 0.000010 0.012653 0.000010 0.000010 0.000010 0.012086 0.001839 0.000010 0.000010
0.980524 0.000010 0.000010 0.000010 0.000010 0.000010 0.000010 0.010271 0.000010 0.000010 0.009125
0.925551 0.000010 0.000010 0.016878 0.041184 0.000010 0.000010 0.010189 0.006139 0.000010 0.000010
0.957635 0.000010 0.000010 0.000010 0.013788 0.000010 0.000010 0.022259 0.006249 0.000010 0.000010
0.943171 0.000010 0.000010 0.000010 0.039532 0.000010 0.000010 0.015049 0.002178 0.000010 0.000010
0.973234 0.000010 0.000010 0.000620 0.009673 0.000010 0.000010 0.010700 0.000010 0.000010 0.005713
0.916519 0.000010 0.000010 0.000010 0.054622 0.000010 0.000010 0.013070 0.006914 0.000010 0.008815
0.938268 0.000010 0.000010 0.000592 0.044103 0.000010 0.000012 0.009208 0.003782 0.000010 0.003995
0.941437 0.000010 0.000010 0.000010 0.047517 0.000010 0.000010 0.008584 0.000833 0.000010 0.001569
0.935522 0.000010 0.000010 0.000010 0.040757 0.000010 0.008996 0.006729 0.001430 0.000010 0.006517
0.950689 0.000010 0.000010 0.004658 0.028512 0.000010 0.000010 0.014269 0.001812 0.000010 0.000010
0.936305 0.000010 0.000010 0.005692 0.037465 0.000010 0.000010 0.013810 0.004694 0.000010 0.001985
0.946408 0.000010 0.000010 0.000010 0.030081 0.000010 0.000010 0.015639 0.007802 0.000010 0.000010
0.014213 0.297737 0.000010 0.005289 0.000010 0.075238 0.041767 0.000010 0.039454 0.463667 0.062604
0.004095 0.320316 0.006944 0.008598 0.002811 0.103578 0.006833 0.009856 0.051186 0.394522 0.091262
0.011993 0.240429 0.001930 0.000010 0.000010 0.223843 0.011705 0.000478 0.062213 0.373529 0.073860
0.000010 0.264116 0.014561 0.000010 0.000010 0.194106 0.017839 0.004989 0.058266 0.314427 0.131665
0.011810 0.246712 0.004240 0.011936 0.000010 0.205251 0.018170 0.000010 0.066230 0.327919 0.107712
0.000010 0.340680 0.003608 0.000010 0.010852 0.053305 0.009881 0.000010 0.037063 0.415531 0.129050
0.000010 0.289034 0.002354 0.023134 0.007870 0.120261 0.034953 0.000295 0.036676 0.418463 0.066952
0.003747 0.322967 0.001528 0.000010 0.012479 0.084715 0.039544 0.000010 0.047495 0.430217 0.057288
0.000010 0.321707 0.000010 0.008081 0.002061 0.070815 0.011530 0.001710 0.051573 0.434742 0.097760
0.000484 0.311283 0.002182 0.000010 0.014669 0.064831 0.034917 0.000754 0.048864 0.446723 0.075282
0.003128 0.326309 0.008727 0.004823 0.000010 0.072443 0.013079 0.008662 0.039643 0.417144 0.106033
0.007660 0.319786 0.006647 0.005016 0.002555 0.074762 0.016501 0.001290 0.049205 0.408090 0.108487
0.000012 0.317864 0.006288 0.004206 0.000010 0.046821 0.015525 0.011682 0.046527 0.454133 0.096934
0.000010 0.342209 0.001095 0.003691 0.000010 0.076619 0.015949 0.000277 0.045538 0.402543 0.112058
0.008481 0.333475 0.001416 0.000010 0.004850 0.076774 0.025382 0.008914 0.049014 0.392527 0.099157
0.000010 0.327594 0.000010 0.029785 0.013508 0.082660 0.017505 0.008629 0.008248 0.476997 0.035054
0.000010 0.298018 0.003157 0.014058 0.000010 0.077733 0.000010 0.010470 0.070380 0.378002 0.148152
0.000010 0.252884 0.016822 0.000010 0.002394 0.180078 0.022751 0.009898 0.057637 0.360429 0.097087
0.000239 0.307243 0.000010 0.000010 0.000010 0.090920 0.027072 0.000043 0.059934 0.401651 0.112867
0.013911 0.317009 0.001500 0.013739 0.000010 0.110503 0.027549 0.000010 0.041557 0.394217 0.079994
0.009945 0.280107 0.008770 0.000013 0.000010 0.118189 0.034874 0.002141 0.075547 0.359732 0.110671
0.000010 0.312721 0.000018 0.000010 0.005710 0.137546 0.014320 0.000010 0.066707 0.408852 0.054097
0.000855 0.313720 0.000010 0.007852 0.011427 0.099730 0.038327 0.005785 0.046074 0.393999 0.082221
0.000017 0.294600 0.000660 0.000010 0.000010 0.089527 0.036356 0.006533 0.070373 0.409213 0.092701
0.002930 0.333155 0.007708 0.000010 0.000010 0.086134 0.020570 0.012777 0.047147 0.395538 0.094021
0.001410 0.323912 0.002300 0.000012 0.000010 0.136092 0.009492 0.003157 0.068786 0.335841 0.118989
0.005535 0.255856 0.001496 0.000010 0.000010 0.166783 0.020518 0.002714 0.059501 0.416960 0.070617
0.010865 0.331027 0.008299 0.008209 0.000010 0.075783 0.032687 0.000010 0.044609 0.418425 0.070077
0.000010 0.322285 0.000010 0.023896 0.000223 0.080353 0.013773 0.000010 0.020876 0.473307 0.065256
0.000220 0.297819 0.022192 0.000018 0.000010 0.200461 0.000011 0.000010 0.057216 0.352799 0.069244
0.000010 0.090088 0.028411 0.000010 0.002322 0.603006 0.007218 0.000010 0.042452 0.195053 0.031421
0.000010 0.304238 0.002410 0.008302 0.011310 0.115287 0.029051 0.000010 0.049806 0.375981 0.103595
0.012387 0.308003 0.003704 0.000010 0.000010 0.114629 0.012055 0.000407 0.046914 0.412622 0.089258
0.000010 0.344390 0.006144 0.009019 0.000010 0.012093 0.032998 0.008206 0.029221 0.511907 0.046002
0.013442 0.313000 0.002787 0.001864 0.000010 0.000400 0.024542 0.009614 0.089788 0.358452 0.186101
0.006351 0.212936 0.006512 0.000010 0.000010 0.137409 0.022998 0.008040 0.062643 0.324384 0.218707
0.009219 0.242236 0.015258 0.033730 0.000010 0.075870 0.003363 0.015620 0.070265 0.355763 0.178666
0.007713 0.345919 0.001376 0.000010 0.000010 0.017360 0.003532 0.000010 0.046765 0.467705 0.109601
0.002708 0.251988 0.000010 0.025817 0.000012 0.116232 0.000010 0.002458 0.070182 0.382132 0.148451
0.005749 0.280504 0.004006 0.000010 0.000010 0.082316 0.021593 0.003412 0.074034 0.341499 0.186866
0.003320 0.257633 0.000010 0.005367 0.000010 0.023795 0.024032 0.000010 0.095879 0.342434 0.247510
0.000010 0.213418 0.003788 0.013144 0.009408 0.167695 0.010364 0.000010 0.065090 0.298587 0.218485
0.002844 0.267353 0.000012 0.025607 0.000010 0.037764 0.029258 0.002402 0.062035 0.372537 0.200178
0.001296 0.283573 0.000056 0.002386 0.000010 0.052837 0.002257 0.002396 0.062681 0.392102 0.200405
0.024228 0.164213 0.000010 0.000011 0.000010 0.105904 0.022102 0.000123 0.144215 0.255015 0.284171
0.000825 0.243752 0.000012 0.016589 0.000010 0.227680 0.014755 0.006430 0.041799 0.351510 0.096639
0.001572 0.412859 0.000010 0.025968 0.000010 0.022884 0.072807 0.001462 0.023911 0.395970 0.042547
0.014576 0.302101 0.000010 0.000010 0.000010 0.113073 0.035740 0.000010 0.055555 0.376103 0.102810
0.000010 0.267794 0.005746 0.000504 0.005147 0.169540 0.030649 0.013145 0.053849 0.364838 0.088779
0.012219 0.392233 0.000010 0.000010 0.000010 0.066429 0.006314 0.004641 0.006861 0.460781 0.050492
0.000010 0.314169 0.000010 0.025039 0.006400 0.057437 0.021680 0.015109 0.037285 0.443179 0.079683
0.002129 0.298278 0.005686 0.000010 0.007789 0.074625 0.018516 0.010670 0.057509 0.417575 0.107213
0.007661 0.298675 0.000010 0.011739 0.016087 0.069989 0.014251 0.000010 0.066104 0.388783 0.126689
0.008685 0.286604 0.000010 0.012525 0.006365 0.134489 0.017703 0.000010 0.060095 0.381968 0.091544
0.013845 0.233473 0.000010 0.000010 0.000010 0.182260 0.000010 0.003048 0.077977 0.323586 0.165769
0.000010 0.233041 0.016784 0.012202 0.024521 0.198508 0.020693 0.000010 0.088785 0.279702 0.125744
0.008509 0.248766 0.008701 0.000018 0.000010 0.143643 0.022315 0.015821 0.070378 0.332103 0.149736
0.000019 0.285227 0.000013 0.004655 0.000010 0.093931 0.032367 0.009116 0.061201 0.372379 0.141083
0.008868 0.310683 0.000851 0.016896 0.000010 0.060300 0.007397 0.000010 0.057978 0.450882 0.086125
0.000010 0.281625 0.016246 0.001358 0.013162 0.164063 0.000010 0.013140 0.047879 0.360756 0.101751
0.021204 0.328808 0.000010 0.005685 0.000010 0.102731 0.033240 0.005139 0.041465 0.382238 0.079472
0.003377 0.299373 0.000014 0.000015 0.000010 0.113112 0.029404 0.003576 0.050335 0.426803 0.073981
0.000552 0.103585 0.048302 0.000010 0.000010 0.624125 0.000010 0.002199 0.024140 0.142149 0.054918
0.000010 0.170256 0.024790 0.002362 0.000010 0.477007 0.017776 0.008336 0.035190 0.233936 0.030326
0.000010 0.258994 0.002120 0.010959 0.013172 0.196337 0.014829 0.000010 0.047896 0.334134 0.121540
0.000010 0.332894 0.016375 0.019133 0.001079 0.089735 0.025944 0.017703 0.050780 0.383833 0.062515
0.000010 0.236625 0.005608 0.024547 0.012209 0.065282 0.000010 0.006143 0.078915 0.336644 0.234007
0.013291 0.279211 0.000010 0.000012 0.007267 0.015825 0.000010 0.006341 0.059670 0.424320 0.194044
0.000010 0.287181 0.007348 0.000010 0.017038 0.033261 0.015643 0.005310 0.052993 0.408271 0.172934
0.018215 0.242437 0.014527 0.002570 0.000486 0.152640 0.000010 0.007984 0.075339 0.276370 0.209422
0.007724 0.336932 0.006944 0.000010 0.000010 0.002902 0.017935 0.001656 0.056252 0.448795 0.120840
0.002709 0.268371 0.010636 0.006146 0.000010 0.003801 0.000010 0.008097 0.072982 0.411931 0.215307
0.014931 0.319655 0.009623 0.007572 0.006681 0.012888 0.017620 0.002802 0.042952 0.483748 0.081527
0.003325 0.247825 0.017100 0.000010 0.012324 0.108644 0.022562 0.005867 0.102398 0.285404 0.194541
0.004107 0.292671 0.002043 0.005740 0.000868 0.075299 0.006814 0.000010 0.071069 0.365053 0.176327
0.005555 0.207935 0.006764 0.005328 0.007422 0.171621 0.003780 0.014734 0.089357 0.278959 0.208545
0.019982 0.277845 0.003674 0.000013 0.000010 0.030292 0.007236 0.011341 0.083629 0.347280 0.218700
0.000010 0.357741 0.003757 0.010451 0.000453 0.004138 0.030115 0.000010 0.004023 0.543837 0.045463
0.000013 0.284121 0.002463 0.012725 0.008173 0.007608 0.000010 0.004023 0.112356 0.325967 0.242541
0.000821 0.233451 0.006438 0.002301 0.000010 0.012660 0.029926 0.000010 0.104831 0.354944 0.254607
0.000010 0.200794 0.000010 0.000010 0.000010 0.000010 0.093816 0.000010 0.014124 0.688883 0.002323
0.001655 0.170584 0.000010 0.009597 0.020869 0.000010 0.018487 0.000169 0.165608 0.222227 0.390784
0.009579 0.169163 0.010184 0.000010 0.002647 0.332686 0.024848 0.000010 0.066329 0.225571 0.158973
0.001411 0.233443 0.000010 0.000010 0.000014 0.029649 0.020694 0.000010 0.121223 0.322601 0.270935
0.005310 0.291948 0.004802 0.026116 0.016236 0.044084 0.000010 0.000010 0.056796 0.400684 0.154006
0.009937 0.324591 0.000010 0.000010 0.007769 0.003415 0.000010 0.003891 0.058901 0.434273 0.157194
