0.007668 0.000010 0.000010 0.026731 0.000010 0.004447 0.000010 0.000010 0.000010 0.815954 0.145140
0.000010 0.000010 0.000013 0.026550 0.000010 0.000010 0.000010 0.009195 0.000010 0.765137 0.199045
0.000010 0.000010 0.000010 0.025279 0.000010 0.004793 0.000010 0.000010 0.000010 0.796752 0.173106
0.000010 0.000010 0.012703 0.013917 0.000010 0.000017 0.000010 0.000010 0.000010 0.791033 0.182270
0.000010 0.000010 0.000010 0.025300 0.000010 0.011137 0.000010 0.000010 0.000010 0.764812 0.198681
0.000010 0.002207 0.001371 0.021418 0.000010 0.001435 0.000010 0.000010 0.000010 0.780651 0.192868
0.000010 0.000010 0.002717 0.043157 0.000010 0.006141 0.000010 0.000012 0.000010 0.805382 0.142541
0.000010 0.006987 0.000010 0.025194 0.000010 0.000010 0.000010 0.000010 0.000010 0.767928 0.199822
0.000010 0.000010 0.011653 0.032483 0.000010 0.000010 0.000010 0.000010 0.000010 0.749168 0.206626
0.000010 0.000010 0.000010 0.032518 0.000010 0.003683 0.000010 0.000010 0.000010 0.775663 0.188067
0.000010 0.000010 0.002294 0.044725 0.000010 0.004870 0.000010 0.000291 0.000010 0.752361 0.195409
0.009672 0.000010 0.000010 0.018851 0.000010 0.006924 0.000010 0.000101 0.000010 0.767796 0.196607
0.000010 0.001794 0.002524 0.018628 0.000010 0.005481 0.000010 0.000010 0.000010 0.785296 0.186226
0.000013 0.006619 0.000010 0.005873 0.000010 0.000010 0.000010 0.000018 0.000010 0.778002 0.209425
0.000010 0.005338 0.000010 0.020651 0.000010 0.005126 0.000010 0.000010 0.000010 0.802080 0.166746
0.000010 0.006090 0.000010 0.039400 0.000010 0.002140 0.000010 0.001191 0.000010 0.766667 0.184461
0.000010 0.000010 0.000010 0.032624 0.000010 0.004084 0.000010 0.000010 0.000010 0.782170 0.181051
0.000010 0.000010 0.000010 0.020571 0.000010 0.005826 0.000010 0.000010 0.000010 0.779326 0.194207
0.001873 0.001049 0.000010 0.030734 0.000011 0.000010 0.000010 0.000010 0.000010 0.785804 0.180479
0.000010 0.000010 0.000010 0.032195 0.000010 0.005942 0.000010 0.000010 0.000010 0.758280 0.203513
0.000010 0.000075 0.000010 0.019338 0.000010 0.006708 0.000010 0.000010 0.000010 0.766718 0.207101
0.000010 0.000010 0.005207 0.026374 0.000010 0.000010 0.000010 0.001945 0.000010 0.779828 0.186586
0.000010 0.000010 0.000010 0.009088 0.000010 0.013135 0.000010 0.002472 0.000010 0.794555 0.180691
0.000010 0.015958 0.000010 0.013217 0.000010 0.000010 0.000010 0.005094 0.000010 0.802465 0.163206
0.000010 0.000934 0.003096 0.025878 0.000010 0.000010 0.000010 0.000010 0.000010 0.795845 0.174187
0.000010 0.000010 0.000010 0.031505 0.000010 0.005511 0.000010 0.001844 0.000010 0.799224 0.161855
0.000010 0.007806 0.000010 0.019333 0.000010 0.006191 0.000010 0.003060 0.000010 0.774522 0.189039
0.000010 0.000010 0.000010 0.055346 0.000010 0.000010 0.000010 0.000010 0.000010 0.776427 0.168147
0.000010 0.000010 0.002193 0.000010 0.000010 0.003142 0.000010 0.011675 0.000010 0.805740 0.177190
0.000825 0.000010 0.007569 0.023023 0.000010 0.006631 0.000010 0.005423 0.000010 0.778094 0.178394
0.000010 0.000010 0.000010 0.013379 0.000010 0.000010 0.000010 0.000010 0.000010 0.776498 0.210043
0.000010 0.000010 0.006951 0.023680 0.000010 0.003037 0.000010 0.000010 0.000010 0.732802 0.233469
0.000010 0.000010 0.000010 0.033630 0.000010 0.000010 0.000010 0.000010 0.000010 0.735145 0.231145
0.011363 0.000010 0.000010 0.014007 0.000010 0.003040 0.000010 0.000010 0.000010 0.771299 0.200231
0.000010 0.000010 0.000010 0.017721 0.000010 0.000010 0.000010 0.006392 0.000010 0.743855 0.231962
0.000010 0.005119 0.001123 0.027456 0.000010 0.001625 0.000010 0.000010 0.000010 0.751002 0.213625
0.000010 0.000890 0.006467 0.027663 0.000010 0.000010 0.000012 0.002001 0.000010 0.757726 0.205201
0.000010 0.000010 0.000209 0.017928 0.000010 0.003450 0.000010 0.005015 0.000010 0.785118 0.188230
0.000010 0.000010 0.001415 0.013554 0.000010 0.009817 0.000010 0.000010 0.000010 0.770994 0.204160
0.000010 0.000010 0.002903 0.030561 0.000010 0.000010 0.000010 0.002347 0.000010 0.770454 0.193675
0.000010 0.000010 0.001862 0.029819 0.000010 0.000305 0.000010 0.000248 0.000010 0.761892 0.205825
0.000010 0.000018 0.000010 0.028062 0.000010 0.001891 0.000010 0.000078 0.000010 0.747405 0.222497
0.000010 0.000010 0.003922 0.010045 0.000010 0.004222 0.000010 0.006316 0.000010 0.750370 0.225075
0.000010 0.000010 0.004452 0.015644 0.000010 0.007089 0.000010 0.000010 0.000010 0.768971 0.203783
0.000010 0.000010 0.000010 0.038182 0.000010 0.005264 0.000010 0.001817 0.000010 0.749734 0.204943
0.000010 0.000010 0.003564 0.019282 0.000010 0.000010 0.000010 0.000010 0.000010 0.766378 0.210706
0.000010 0.000010 0.002304 0.020546 0.000010 0.000010 0.000010 0.000010 0.000010 0.753596 0.223484
0.000010 0.000010 0.000010 0.020991 0.000010 0.011540 0.000010 0.004086 0.000010 0.745542 0.217781
0.000010 0.004364 0.001642 0.034084 0.000010 0.000010 0.000010 0.008119 0.000010 0.740070 0.211670
0.000010 0.000214 0.000010 0.004411 0.000010 0.002799 0.000010 0.000978 0.000010 0.768469 0.223079
0.000010 0.002762 0.000010 0.011512 0.000010 0.000728 0.000010 0.003728 0.000010 0.774837 0.206383
0.000010 0.000010 0.000010 0.039595 0.000010 0.003762 0.000010 0.000015 0.000010 0.738861 0.217707
0.000010 0.005278 0.000011 0.001675 0.000010 0.003767 0.000010 0.005166 0.000010 0.767475 0.216589
0.000010 0.011051 0.000383 0.014574 0.000010 0.000010 0.000010 0.000010 0.000010 0.764204 0.209727
0.000010 0.006046 0.002066 0.020225 0.000010 0.005634 0.000010 0.010665 0.000010 0.747020 0.208303
0.000010 0.000010 0.000352 0.035486 0.000010 0.002602 0.000010 0.000010 0.000010 0.743591 0.217909
0.000010 0.000010 0.000010 0.009866 0.000010 0.000010 0.000010 0.000010 0.000010 0.765850 0.224204
0.000010 0.000010 0.000010 0.000010 0.000010 0.003801 0.000010 0.000829 0.000010 0.768519 0.226781
0.000010 0.007961 0.000010 0.000010 0.000010 0.000010 0.000010 0.006732 0.000010 0.768894 0.216342
0.000010 0.002112 0.004303 0.017763 0.000010 0.014765 0.000010 0.001427 0.000010 0.740979 0.218612
0.000010 0.000010 0.004777 0.012991 0.000010 0.000010 0.000011 0.006535 0.000010 0.756517 0.219120
0.000010 0.000010 0.001049 0.019584 0.000010 0.001858 0.000010 0.000010 0.000010 0.786056 0.191393
0.068272 0.000011 0.015292 0.000010 0.000010 0.000010 0.000010 0.000010 0.000010 0.916354 0.000010
0.049934 0.000010 0.000010 0.000010 0.000010 0.013540 0.000010 0.000010 0.000010 0.870243 0.066213
0.058496 0.000010 0.005819 0.018164 0.000010 0.007394 0.000010 0.004463 0.000010 0.905614 0.000010
0.084344 0.000010 0.001907 0.010130 0.000010 0.012529 0.000010 0.001591 0.000010 0.889450 0.000010
0.059765 0.000010 0.000010 0.021932 0.000010 0.014477 0.000010 0.000478 0.000010 0.903288 0.000010
0.069041 0.000010 0.014633 0.019707 0.000010 0.000598 0.000010 0.000010 0.000010 0.874655 0.021316
0.065480 0.000010 0.014912 0.025982 0.000010 0.000010 0.000010 0.000010 0.000010 0.871959 0.021607
0.055768 0.000010 0.001206 0.052658 0.000010 0.000010 0.000010 0.008715 0.002196 0.739677 0.139741
0.068784 0.000010 0.011681 0.021927 0.000010 0.007625 0.000010 0.000010 0.000010 0.889923 0.000010
0.061552 0.000010 0.000313 0.037934 0.000011 0.006785 0.000011 0.007557 0.000010 0.885808 0.000010
0.073053 0.000010 0.011456 0.024727 0.000010 0.002605 0.000010 0.000010 0.000010 0.888100 0.000010
0.056481 0.000010 0.009808 0.010367 0.000010 0.008497 0.000010 0.006762 0.000010 0.908035 0.000010
0.081686 0.000010 0.000010 0.006897 0.000010 0.019209 0.000010 0.006095 0.000010 0.886053 0.000010
0.070710 0.000010 0.001947 0.014643 0.000010 0.000010 0.000010 0.000010 0.000010 0.890955 0.021685
0.064365 0.000010 0.008389 0.014008 0.000010 0.005776 0.000010 0.000010 0.000010 0.892719 0.014693
0.047679 0.000010 0.000010 0.039064 0.000010 0.015309 0.000010 0.000010 0.000010 0.836157 0.061731
0.000010 0.000010 0.006536 0.035769 0.000010 0.004945 0.000010 0.000010 0.000010 0.714780 0.237910
0.000010 0.000010 0.000010 0.020180 0.000010 0.005491 0.000010 0.004196 0.000010 0.777724 0.192349
0.000010 0.004407 0.000010 0.026795 0.000010 0.000010 0.000010 0.006342 0.000010 0.725508 0.236889
0.000010 0.000010 0.000010 0.030849 0.000010 0.004144 0.000010 0.001437 0.000010 0.760307 0.203203
0.000010 0.006858 0.000010 0.027031 0.000010 0.001937 0.000010 0.000010 0.000010 0.741947 0.222167
0.002653 0.004869 0.000390 0.006855 0.000010 0.000010 0.000010 0.000010 0.000010 0.756222 0.228961
0.000010 0.007886 0.000532 0.034277 0.000010 0.000010 0.000010 0.000010 0.000010 0.752616 0.204629
0.000010 0.000010 0.000010 0.041423 0.000010 0.001647 0.000010 0.002791 0.000010 0.751081 0.202998
0.000010 0.000010 0.000010 0.024473 0.000010 0.000010 0.000010 0.000010 0.000010 0.763662 0.211784
0.000010 0.000010 0.004797 0.020145 0.000010 0.000010 0.000010 0.000010 0.000010 0.775635 0.199352
0.000010 0.000010 0.015873 0.019504 0.000010 0.000280 0.000010 0.000426 0.000010 0.761595 0.202273
0.000010 0.000010 0.000010 0.019187 0.000010 0.006926 0.000010 0.000010 0.000010 0.750319 0.223498
0.000010 0.000010 0.000010 0.024216 0.000010 0.007127 0.000010 0.000691 0.000010 0.748082 0.219825
0.001899 0.000010 0.000010 0.012233 0.000010 0.005396 0.000010 0.000010 0.000010 0.758006 0.222406
0.000010 0.000010 0.000010 0.021446 0.000010 0.013873 0.000010 0.004192 0.000010 0.729610 0.230818
0.000010 0.000010 0.010538 0.030406 0.000010 0.001093 0.000010 0.000010 0.000010 0.740476 0.217427
0.000010 0.000010 0.002606 0.001354 0.000010 0.000010 0.000010 0.005905 0.000010 0.775694 0.214382
0.000010 0.000010 0.006178 0.047792 0.000010 0.000014 0.000010 0.001390 0.000010 0.734834 0.209742
0.000010 0.000010 0.005721 0.020985 0.000010 0.008922 0.000010 0.000010 0.000010 0.735327 0.228985
0.012457 0.000010 0.000010 0.029796 0.000010 0.002060 0.000010 0.000010 0.000010 0.760869 0.194757
0.000010 0.000010 0.000010 0.010448 0.000010 0.002944 0.000010 0.006149 0.000010 0.762166 0.218233
0.000010 0.000010 0.005958 0.036008 0.000010 0.000010 0.000010 0.002624 0.000010 0.730291 0.225059
0.000010 0.000010 0.006504 0.032885 0.000010 0.000010 0.000010 0.000010 0.000010 0.750753 0.209788
0.009977 0.003298 0.000019 0.010760 0.000010 0.000010 0.000010 0.000010 0.000010 0.770944 0.204952
0.000010 0.000010 0.000010 0.036063 0.000010 0.000010 0.000010 0.000010 0.000010 0.738230 0.225627
0.000010 0.004514 0.010620 0.008312 0.000010 0.000010 0.000010 0.000754 0.000010 0.759253 0.216497
0.000010 0.002560 0.003290 0.026471 0.000010 0.000010 0.000010 0.000010 0.000010 0.751653 0.215966
0.000010 0.000010 0.000010 0.018397 0.000010 0.007661 0.000010 0.000010 0.000010 0.752935 0.220936
0.000010 0.000010 0.000010 0.011660 0.000010 0.000740 0.000010 0.002024 0.000010 0.743440 0.242077
0.000010 0.000010 0.000010 0.022094 0.000010 0.006979 0.000010 0.000010 0.000010 0.769292 0.201565
0.000010 0.001746 0.000439 0.026545 0.000010 0.004153 0.000010 0.003390 0.000010 0.754349 0.209339
0.002588 0.000010 0.004458 0.000010 0.000010 0.006214 0.000010 0.000010 0.000010 0.779999 0.206681
0.000010 0.000010 0.000010 0.034101 0.000010 0.001478 0.000010 0.001746 0.000010 0.765625 0.196991
0.061570 0.000010 0.000010 0.030134 0.000010 0.004312 0.000010 0.000010 0.000010 0.877716 0.026209
0.080133 0.000010 0.008909 0.002479 0.000010 0.000010 0.000011 0.000010 0.000010 0.905077 0.003340
0.045149 0.003671 0.007414 0.032811 0.000010 0.000010 0.000010 0.001124 0.000010 0.881155 0.028638
0.047864 0.000010 0.000010 0.030756 0.000010 0.014782 0.000010 0.005976 0.000010 0.900562 0.000010
0.053640 0.000010 0.003563 0.003508 0.000010 0.002115 0.000010 0.016834 0.000010 0.900976 0.019324
0.090302 0.000010 0.001941 0.014724 0.000010 0.001302 0.000010 0.000010 0.000010 0.891672 0.000010
0.073844 0.000010 0.002867 0.020722 0.000010 0.013210 0.000010 0.000010 0.000010 0.889297 0.000010
0.053824 0.008217 0.011735 0.020775 0.000010 0.000046 0.000010 0.000010 0.000010 0.869795 0.035568
0.049774 0.000010 0.008220 0.010902 0.000012 0.000010 0.000010 0.001562 0.000010 0.918941 0.010548
0.042374 0.000012 0.004344 0.022875 0.000010 0.007513 0.000010 0.004303 0.000010 0.877382 0.041167
0.054936 0.000010 0.011077 0.026280 0.000010 0.009499 0.000010 0.008772 0.000010 0.884723 0.004673
0.027005 0.000010 0.006153 0.032811 0.000010 0.007938 0.000010 0.004343 0.000010 0.876446 0.045264
0.052633 0.000010 0.000010 0.043138 0.000010 0.014976 0.000010 0.000010 0.000010 0.889182 0.000010
0.050961 0.000010 0.017127 0.022915 0.000010 0.000010 0.000010 0.003775 0.000010 0.905162 0.000010
0.055380 0.000010 0.012503 0.015469 0.000010 0.011398 0.000010 0.004594 0.000010 0.900605 0.000010
0.074452 0.000010 0.000010 0.030005 0.000010 0.000010 0.000010 0.004734 0.000010 0.890738 0.000010
0.058811 0.002699 0.000010 0.025940 0.000010 0.009143 0.000010 0.000010 0.000010 0.903347 0.000010
0.078965 0.002526 0.005138 0.009931 0.000010 0.004899 0.000010 0.000010 0.000010 0.898491 0.000010
0.037720 0.000010 0.000010 0.039042 0.000010 0.009021 0.000010 0.000010 0.000010 0.870499 0.043658
0.050349 0.014983 0.000268 0.024386 0.000010 0.008544 0.000010 0.002262 0.000010 0.899167 0.000010
0.056444 0.000010 0.012141 0.016507 0.000010 0.000010 0.000010 0.000430 0.000010 0.914418 0.000010
0.051430 0.000010 0.000010 0.034462 0.000010 0.008480 0.000010 0.000010 0.000010 0.891331 0.014237
0.040455 0.001613 0.006682 0.000078 0.000010 0.006224 0.000010 0.000010 0.000010 0.879506 0.065403
0.045692 0.000010 0.002228 0.038391 0.000010 0.004145 0.000010 0.000010 0.000010 0.882875 0.026618
0.072116 0.000010 0.014713 0.000760 0.000010 0.000013 0.000010 0.004592 0.000010 0.907757 0.000010
0.066563 0.000010 0.006042 0.018772 0.000010 0.009832 0.000010 0.001045 0.000010 0.866661 0.031044
0.059247 0.000010 0.000010 0.004838 0.000010 0.013452 0.000010 0.000010 0.000010 0.898635 0.023768
0.062669 0.000010 0.000010 0.010972 0.000010 0.008434 0.000010 0.004022 0.000010 0.913843 0.000010
0.055736 0.000010 0.000010 0.008253 0.000010 0.015327 0.000010 0.004755 0.000010 0.889043 0.026836
0.054867 0.000012 0.014190 0.023310 0.000010 0.014895 0.000010 0.002215 0.000010 0.879169 0.011312
0.082308 0.000010 0.000010 0.000010 0.000010 0.000010 0.000010 0.000010 0.000010 0.917602 0.000010
0.061145 0.000010 0.015519 0.002275 0.000010 0.002649 0.000010 0.001485 0.000010 0.916878 0.000010
0.074547 0.000010 0.012510 0.008006 0.000010 0.000010 0.000010 0.001172 0.000010 0.903705 0.000010
0.055618 0.000010 0.004839 0.000010 0.000010 0.011895 0.000010 0.000010 0.000010 0.926054 0.001532
0.061473 0.004321 0.017880 0.018731 0.000010 0.000978 0.000010 0.000033 0.000010 0.889214 0.007340
0.053992 0.004693 0.003600 0.006976 0.000010 0.008256 0.000010 0.001241 0.000010 0.913244 0.007968
0.052419 0.000010 0.000029 0.021157 0.000010 0.010770 0.000010 0.000010 0.000010 0.848232 0.067342
0.053176 0.000010 0.008797 0.013271 0.000010 0.001402 0.000010 0.011040 0.000010 0.901420 0.010853
0.055672 0.000010 0.001189 0.008836 0.000010 0.013110 0.000010 0.000010 0.000010 0.887378 0.033766
0.044609 0.000010 0.023684 0.032395 0.000010 0.000012 0.000010 0.000010 0.000010 0.874277 0.024973
0.036209 0.000010 0.006013 0.031592 0.000010 0.005677 0.000010 0.000010 0.000010 0.900296 0.020162
0.065030 0.000010 0.000010 0.004667 0.000010 0.005047 0.000010 0.000552 0.000010 0.904523 0.020131
0.070223 0.000010 0.000010 0.013185 0.000010 0.009932 0.000010 0.000010 0.000010 0.906590 0.000010
0.046654 0.000010 0.000010 0.020422 0.000010 0.007887 0.000010 0.000010 0.000010 0.885241 0.039736
0.077956 0.000339 0.000010 0.030667 0.000010 0.005482 0.000010 0.004376 0.000010 0.861469 0.019672
0.036562 0.000010 0.006019 0.059033 0.000010 0.006783 0.004993 0.000010 0.000010 0.750158 0.136412
0.074971 0.000010 0.013178 0.000010 0.000010 0.000010 0.000010 0.000010 0.000010 0.911771 0.000010
0.056326 0.000010 0.012877 0.000010 0.000010 0.001944 0.000010 0.007428 0.000010 0.921366 0.000010
0.031740 0.000010 0.001645 0.023591 0.000010 0.000010 0.000010 0.000668 0.000010 0.855469 0.086836
0.065468 0.000010 0.009004 0.016833 0.000010 0.006776 0.000010 0.000260 0.000010 0.901608 0.000010
0.043705 0.008223 0.011528 0.001416 0.000010 0.003155 0.000010 0.002570 0.000010 0.883999 0.045375
0.063091 0.000010 0.002857 0.010427 0.000010 0.003381 0.000010 0.010353 0.000010 0.909841 0.000010
0.035037 0.000010 0.011364 0.018447 0.000010 0.000015 0.000010 0.000010 0.000010 0.844918 0.090170
0.058155 0.000010 0.002098 0.024143 0.000010 0.012026 0.000010 0.000010 0.000010 0.903518 0.000010
0.058147 0.009158 0.002077 0.012749 0.000010 0.010135 0.000010 0.005493 0.000010 0.900748 0.001464
0.058877 0.000010 0.000010 0.012254 0.000010 0.011185 0.000010 0.000088 0.000010 0.913414 0.004131
0.056824 0.000010 0.007949 0.000010 0.000010 0.009070 0.000010 0.000010 0.000010 0.889875 0.036222
0.065903 0.000010 0.017314 0.003019 0.000010 0.008419 0.000010 0.000010 0.000010 0.905285 0.000010
0.068550 0.000010 0.004988 0.010611 0.000010 0.000010 0.000010 0.000010 0.000010 0.897476 0.018315
0.041889 0.000010 0.000010 0.013169 0.000010 0.013066 0.000010 0.010597 0.000010 0.890589 0.030640
0.076903 0.000010 0.004423 0.007894 0.000010 0.007130 0.000010 0.004024 0.000010 0.899576 0.000010
0.052410 0.008071 0.015278 0.023615 0.000010 0.000010 0.000010 0.006481 0.000010 0.890478 0.003627
0.062299 0.000010 0.000010 0.013065 0.000010 0.013515 0.000010 0.000010 0.000010 0.903914 0.007148
0.066041 0.000010 0.012829 0.017601 0.000010 0.005873 0.000010 0.000010 0.000010 0.897596 0.000010
0.054808 0.000010 0.024181 0.036975 0.000010 0.000595 0.000010 0.000010 0.000010 0.883381 0.000010
0.064427 0.000010 0.021178 0.006343 0.000010 0.000010 0.000010 0.000010 0.000010 0.886092 0.021900
0.064196 0.000010 0.020985 0.000010 0.000010 0.000010 0.000010 0.003528 0.000010 0.911221 0.000010
0.050914 0.000010 0.010574 0.030715 0.000010 0.008921 0.000010 0.000010 0.000010 0.898816 0.000010
0.053536 0.000010 0.000010 0.030035 0.000010 0.003908 0.000010 0.006686 0.000010 0.902900 0.002885
0.053230 0.000010 0.011683 0.020088 0.000010 0.001560 0.000010 0.005011 0.000010 0.908378 0.000010
0.068813 0.000013 0.015952 0.014153 0.000010 0.007361 0.000010 0.000011 0.000010 0.893658 0.000010
0.063733 0.000185 0.000018 0.025750 0.000010 0.003850 0.000010 0.000010 0.000010 0.906414 0.000010
0.040237 0.000010 0.009288 0.013051 0.000010 0.001399 0.000010 0.003985 0.000010 0.898368 0.033631
0.066440 0.000010 0.010537 0.035587 0.000010 0.011484 0.000010 0.000010 0.000010 0.862087 0.013815
0.067904 0.000010 0.011149 0.000010 0.000010 0.000010 0.000010 0.004934 0.000010 0.915943 0.000010
0.029410 0.000010 0.000010 0.031240 0.000010 0.007594 0.000010 0.003157 0.000010 0.877988 0.050561
0.056380 0.000010 0.004912 0.011669 0.000010 0.008992 0.000010 0.004015 0.000010 0.890219 0.023773
0.076987 0.000010 0.002607 0.016617 0.000010 0.004910 0.000010 0.002316 0.000010 0.896512 0.000010
0.075961 0.000010 0.011853 0.001139 0.000010 0.001713 0.000010 0.000010 0.000010 0.909275 0.000010
0.051504 0.006176 0.002819 0.029408 0.000010 0.005175 0.000010 0.000010 0.000010 0.899866 0.005012
0.356231 0.636777 0.000010 0.000010 0.000010 0.006910 0.000010 0.000012 0.000010 0.000010 0.000010
0.357270 0.642640 0.000010 0.000010 0.000010 0.000010 0.000010 0.000010 0.000010 0.000010 0.000010
0.315629 0.684281 0.000010 0.000010 0.000010 0.000010 0.000010 0.000010 0.000010 0.000010 0.000010
0.314016 0.685894 0.000010 0.000010 0.000010 0.000010 0.000010 0.000010 0.000010 0.000010 0.000010
0.381371 0.615640 0.000010 0.000010 0.000010 0.000010 0.000010 0.002909 0.000010 0.000010 0.000010
0.318943 0.680967 0.000010 0.000010 0.000010 0.000010 0.000010 0.000010 0.000010 0.000010 0.000010
0.345024 0.653500 0.000010 0.000010 0.000010 0.000010 0.000010 0.001395 0.000010 0.000010 0.000010
0.314384 0.682695 0.000010 0.000010 0.000010 0.002842 0.000010 0.000010 0.000010 0.000010 0.000010
0.346649 0.649356 0.000010 0.000010 0.000010 0.000010 0.000010 0.003915 0.000010 0.000010 0.000010
0.306652 0.693258 0.000010 0.000010 0.000010 0.000010 0.000010 0.000010 0.000010 0.000010 0.000010
0.330987 0.668923 0.000010 0.000010 0.000010 0.000010 0.000010 0.000010 0.000010 0.000010 0.000010
0.328867 0.668095 0.002957 0.000010 0.000010 0.000010 0.000010 0.000010 0.000010 0.000010 0.000010
0.314629 0.685281 0.000010 0.000010 0.000010 0.000010 0.000010 0.000010 0.000010 0.000010 0.000010
0.326991 0.666606 0.000021 0.000010 0.000010 0.003897 0.000010 0.000010 0.000010 0.000010 0.002425
0.344182 0.651171 0.000010 0.000010 0.000010 0.000010 0.000010 0.004567 0.000010 0.000010 0.000010
0.328625 0.671285 0.000010 0.000010 0.000010 0.000010 0.000010 0.000010 0.000010 0.000010 0.000010
0.336518 0.654991 0.002647 0.000010 0.000010 0.000018 0.000010 0.005766 0.000010 0.000010 0.000010
0.339005 0.658317 0.002598 0.000010 0.000010 0.000010 0.000010 0.000010 0.000010 0.000010 0.000010
0.331925 0.667985 0.000010 0.000010 0.000010 0.000010 0.000010 0.000010 0.000010 0.000010 0.000010
0.326132 0.670848 0.002940 0.000010 0.000010 0.000010 0.000010 0.000010 0.000010 0.000010 0.000010
0.324981 0.674929 0.000010 0.000010 0.000010 0.000010 0.000010 0.000010 0.000010 0.000010 0.000010
0.316338 0.680888 0.000010 0.000010 0.000010 0.000010 0.000010 0.002694 0.000010 0.000010 0.000010
0.325664 0.674246 0.000010 0.000010 0.000010 0.000010 0.000010 0.000010 0.000010 0.000010 0.000010
0.340838 0.653483 0.000010 0.000010 0.000010 0.005598 0.000010 0.000010 0.000010 0.000010 0.000010
0.328823 0.665689 0.000010 0.000010 0.000010 0.005407 0.000010 0.000010 0.000010 0.000011 0.000010
0.336340 0.661851 0.001729 0.000010 0.000010 0.000010 0.000010 0.000010 0.000010 0.000010 0.000010
0.362065 0.634418 0.002384 0.000010 0.000010 0.000010 0.000010 0.001064 0.000010 0.000010 0.000010
0.338654 0.661256 0.000010 0.000010 0.000010 0.000010 0.000010 0.000010 0.000010 0.000010 0.000010
0.332790 0.664584 0.002546 0.000010 0.000010 0.000010 0.000010 0.000010 0.000010 0.000010 0.000010
0.326140 0.671210 0.000010 0.000010 0.000010 0.000015 0.000010 0.002564 0.000010 0.000010 0.000010
0.324177 0.675733 0.000010 0.000010 0.000010 0.000010 0.000010 0.000010 0.000010 0.000010 0.000010
0.339915 0.659995 0.000010 0.000010 0.000010 0.000010 0.000010 0.000011 0.000010 0.000010 0.000010
0.325240 0.674670 0.000010 0.000010 0.000010 0.000010 0.000010 0.000010 0.000010 0.000010 0.000010
0.324483 0.674041 0.000010 0.000010 0.000010 0.001396 0.000010 0.000010 0.000010 0.000010 0.000010
0.365198 0.631093 0.003629 0.000010 0.000010 0.000010 0.000010 0.000010 0.000010 0.000010 0.000010
0.338631 0.661279 0.000010 0.000010 0.000010 0.000010 0.000010 0.000010 0.000010 0.000010 0.000010
0.294894 0.703451 0.000010 0.000010 0.000010 0.000010 0.000010 0.001575 0.000010 0.000010 0.000010
0.336222 0.663688 0.000010 0.000010 0.000010 0.000010 0.000010 0.000010 0.000010 0.000010 0.000010
0.338269 0.655729 0.005795 0.000010 0.000010 0.000010 0.000010 0.000137 0.000010 0.000010 0.000010
0.316223 0.683687 0.000010 0.000010 0.000010 0.000010 0.000010 0.000010 0.000010 0.000010 0.000010
0.335171 0.664739 0.000010 0.000010 0.000010 0.000010 0.000010 0.000010 0.000010 0.000010 0.000010
0.336552 0.663358 0.000010 0.000010 0.000010 0.000010 0.000010 0.000010 0.000010 0.000010 0.000010
0.288634 0.704173 0.000010 0.000010 0.000010 0.007113 0.000010 0.000010 0.000010 0.000010 0.000010
0.017958 0.000010 0.087547 0.001960 0.061083 0.065275 0.000010 0.000010 0.023333 0.406504 0.336309
0.000010 0.000010 0.137745 0.014488 0.169119 0.061524 0.006988 0.001317 0.001933 0.294925 0.311941
0.000010 0.000010 0.079376 0.041261 0.041659 0.034244 0.000010 0.010127 0.029120 0.437308 0.326876
0.347390 0.652520 0.000010 0.000010 0.000010 0.000010 0.000010 0.000010 0.000010 0.000010 0.000010
0.356351 0.643559 0.000010 0.000010 0.000010 0.000010 0.000010 0.000010 0.000010 0.000010 0.000010
0.413284 0.586626 0.000010 0.000010 0.000010 0.000010 0.000010 0.000010 0.000010 0.000010 0.000010
0.375395 0.624508 0.000010 0.000010 0.000010 0.000017 0.000010 0.000010 0.000010 0.000010 0.000010
0.335367 0.664543 0.000010 0.000010 0.000010 0.000010 0.000010 0.000010 0.000010 0.000010 0.000010
0.329928 0.669981 0.000010 0.000010 0.000010 0.000012 0.000010 0.000010 0.000010 0.000010 0.000010
0.328991 0.670919 0.000010 0.000010 0.000010 0.000010 0.000010 0.000010 0.000010 0.000010 0.000010
0.344382 0.655528 0.000010 0.000010 0.000010 0.000010 0.000010 0.000010 0.000010 0.000010 0.000010
0.376922 0.622986 0.000010 0.000010 0.000010 0.000010 0.000012 0.000010 0.000010 0.000010 0.000010
0.346100 0.653810 0.000010 0.000010 0.000010 0.000010 0.000010 0.000010 0.000010 0.000010 0.000010
0.254555 0.744431 0.000010 0.000010 0.000010 0.000010 0.000010 0.000934 0.000010 0.000010 0.000010
0.352646 0.647264 0.000010 0.000010 0.000010 0.000010 0.000010 0.000010 0.000010 0.000010 0.000010
0.346156 0.650311 0.000010 0.000010 0.000010 0.003453 0.000010 0.000010 0.000010 0.000010 0.000010
0.288020 0.689885 0.000010 0.009176 0.000010 0.004029 0.000012 0.008828 0.000010 0.000010 0.000010
0.516202 0.465678 0.012645 0.000010 0.000010 0.000010 0.000010 0.000379 0.000010 0.004567 0.000479
0.348300 0.651610 0.000010 0.000010 0.000010 0.000010 0.000010 0.000010 0.000010 0.000010 0.000010
0.346397 0.653510 0.000010 0.000010 0.000010 0.000010 0.000013 0.000010 0.000010 0.000010 0.000010
0.371313 0.628597 0.000010 0.000010 0.000010 0.000010 0.000010 0.000010 0.000010 0.000010 0.000010
0.347883 0.652027 0.000010 0.000010 0.000010 0.000010 0.000010 0.000010 0.000010 0.000010 0.000010
0.339702 0.660208 0.000010 0.000010 0.000010 0.000010 0.000010 0.000010 0.000010 0.000010 0.000010
0.358842 0.641068 0.000010 0.000010 0.000010 0.000010 0.000010 0.000010 0.000010 0.000010 0.000010
0.375118 0.624792 0.000010 0.000010 0.000010 0.000010 0.000010 0.000010 0.000010 0.000010 0.000010
0.335742 0.663908 0.000010 0.000010 0.000010 0.000011 0.000010 0.000269 0.000010 0.000010 0.000010
0.343404 0.655659 0.000010 0.000010 0.000010 0.000010 0.000010 0.000857 0.000010 0.000010 0.000010
0.354230 0.645194 0.000010 0.000010 0.000010 0.000496 0.000010 0.000010 0.000010 0.000010 0.000010
0.264684 0.729945 0.000010 0.000010 0.000010 0.001588 0.000010 0.003714 0.000010 0.000010 0.000010
0.343361 0.656547 0.000010 0.000010 0.000010 0.000011 0.000010 0.000010 0.000010 0.000010 0.000010
0.333664 0.662760 0.000010 0.000010 0.000010 0.000010 0.000010 0.003497 0.000010 0.000010 0.000010
0.326869 0.672381 0.000010 0.000010 0.000010 0.000670 0.000010 0.000010 0.000010 0.000010 0.000010
0.354310 0.645600 0.000010 0.000010 0.000010 0.000010 0.000010 0.000010 0.000010 0.000010 0.000010
0.364109 0.635801 0.000010 0.000010 0.000010 0.000010 0.000010 0.000010 0.000010 0.000010 0.000010
0.002212 0.003822 0.086994 0.000010 0.107650 0.049650 0.000010 0.007723 0.037838 0.401917 0.302173
0.000010 0.005447 0.103541 0.003184 0.150845 0.046624 0.000010 0.000199 0.012717 0.357936 0.319487
0.012583 0.001635 0.062114 0.038166 0.060065 0.035199 0.000052 0.001050 0.006361 0.432583 0.350191
0.003040 0.007960 0.088050 0.026243 0.069894 0.071732 0.004950 0.003286 0.000010 0.399267 0.325567
0.208009 0.790960 0.000010 0.000010 0.000010 0.000951 0.000010 0.000010 0.000010 0.000010 0.000010
0.244945 0.753606 0.000010 0.000010 0.000010 0.001370 0.000010 0.000010 0.000010 0.000010 0.000010
0.227030 0.772880 0.000010 0.000010 0.000010 0.000010 0.000010 0.000010 0.000010 0.000010 0.000010
0.286752 0.713158 0.000010 0.000010 0.000010 0.000010 0.000010 0.000010 0.000010 0.000010 0.000010
0.220099 0.772442 0.000010 0.000010 0.000010 0.001005 0.000010 0.006385 0.000010 0.000010 0.000010
0.261713 0.736798 0.001409 0.000010 0.000010 0.000010 0.000010 0.000010 0.000010 0.000010 0.000010
0.262934 0.733064 0.000010 0.000010 0.000010 0.000126 0.000010 0.003805 0.000010 0.000010 0.000010
0.234447 0.765463 0.000010 0.000010 0.000010 0.000010 0.000010 0.000010 0.000010 0.000010 0.000010
0.252053 0.746189 0.000010 0.000010 0.000010 0.000010 0.000010 0.001677 0.000010 0.000010 0.000010
0.230224 0.767612 0.000010 0.000010 0.000010 0.000010 0.000010 0.002084 0.000010 0.000010 0.000010
0.249561 0.742276 0.000010 0.000010 0.000010 0.003076 0.000010 0.005018 0.000010 0.000010 0.000010
0.255928 0.743982 0.000010 0.000010 0.000010 0.000010 0.000010 0.000010 0.000010 0.000010 0.000010
0.266141 0.733769 0.000010 0.000010 0.000010 0.000010 0.000010 0.000010 0.000010 0.000010 0.000010
0.216014 0.773052 0.002198 0.000010 0.000010 0.001564 0.000010 0.007111 0.000010 0.000010 0.000010
0.265609 0.730582 0.003415 0.000010 0.000010 0.000325 0.000010 0.000010 0.000010 0.000010 0.000010
0.255944 0.743966 0.000010 0.000010 0.000010 0.000010 0.000010 0.000010 0.000010 0.000010 0.000010
0.260128 0.739599 0.000010 0.000010 0.000010 0.000193 0.000010 0.000010 0.000010 0.000010 0.000010
0.270891 0.724097 0.000010 0.000010 0.000010 0.004932 0.000010 0.000010 0.000010 0.000010 0.000010
0.270145 0.729765 0.000010 0.000010 0.000010 0.000010 0.000010 0.000010 0.000010 0.000010 0.000010
0.260393 0.739514 0.000010 0.000010 0.000010 0.000013 0.000010 0.000010 0.000010 0.000010 0.000010
0.220096 0.774096 0.000010 0.000010 0.000010 0.001699 0.000010 0.004040 0.000010 0.000010 0.000010
0.265367 0.734543 0.000010 0.000010 0.000010 0.000010 0.000010 0.000010 0.000010 0.000010 0.000010
0.245522 0.754388 0.000010 0.000010 0.000010 0.000010 0.000010 0.000010 0.000010 0.000010 0.000010
0.237032 0.762674 0.000010 0.000010 0.000010 0.000214 0.000010 0.000010 0.000010 0.000010 0.000010
0.000010 0.014810 0.062981 0.017603 0.015616 0.024614 0.000010 0.005461 0.002794 0.457495 0.398605
0.018077 0.008251 0.081531 0.006857 0.042104 0.043701 0.001627 0.005112 0.003055 0.411050 0.378636
0.000010 0.007094 0.135569 0.000010 0.081859 0.073362 0.012137 0.000010 0.010932 0.381863 0.297152
0.000010 0.000010 0.061955 0.000010 0.038830 0.043156 0.003179 0.015018 0.014495 0.509178 0.314158
0.000010 0.000010 0.062339 0.000010 0.068673 0.046100 0.013777 0.008491 0.000010 0.503607 0.296973
0.000010 0.000010 0.060051 0.026657 0.027561 0.016625 0.004680 0.003343 0.014400 0.569153 0.277511
0.006364 0.005651 0.102673 0.000010 0.109334 0.036812 0.000010 0.000010 0.015419 0.410520 0.313197
0.030311 0.949351 0.000984 0.004961 0.000010 0.000010 0.000010 0.012594 0.000010 0.000010 0.001749
0.000010 0.978382 0.000010 0.000010 0.000010 0.007224 0.000010 0.014314 0.000010 0.000010 0.000010
0.000010 0.976878 0.000010 0.008545 0.000010 0.002192 0.000010 0.012315 0.000010 0.000010 0.000010
0.000010 0.981926 0.008538 0.000010 0.000010 0.000010 0.000010 0.009456 0.000010 0.000010 0.000010
0.040248 0.929595 0.000010 0.013687 0.000010 0.005774 0.000010 0.010636 0.000010 0.000010 0.000010
0.012627 0.960256 0.000010 0.000013 0.000010 0.005607 0.000010 0.021437 0.000010 0.000011 0.000010
0.040168 0.943631 0.000010 0.000010 0.000010 0.001744 0.000010 0.014387 0.000010 0.000010 0.000010
0.006054 0.977027 0.006363 0.000010 0.000010 0.000010 0.000010 0.010487 0.000010 0.000010 0.000010
0.052764 0.919463 0.009200 0.000011 0.000010 0.005989 0.000010 0.012523 0.000010 0.000010 0.000010
0.041610 0.942494 0.003038 0.000010 0.000010 0.003862 0.000010 0.008936 0.000010 0.000010 0.000010
0.044068 0.945472 0.000759 0.000010 0.000010 0.001254 0.000010 0.008387 0.000010 0.000010 0.000010
0.040144 0.938057 0.006154 0.007069 0.000010 0.002016 0.000010 0.006509 0.000010 0.000010 0.000010
0.027878 0.953975 0.000010 0.002614 0.000010 0.001489 0.000010 0.013984 0.000010 0.000010 0.000010
0.036053 0.939956 0.003012 0.003013 0.000010 0.004551 0.000010 0.013364 0.000010 0.000010 0.000010
0.028361 0.948740 0.000010 0.000010 0.000010 0.007485 0.000010 0.015344 0.000010 0.000010 0.000010
0.000010 0.013468 0.063060 0.021091 0.074495 0.039039 0.000014 0.000010 0.000010 0.481449 0.307355
0.001121 0.005113 0.090566 0.003281 0.076302 0.051827 0.005392 0.010126 0.030824 0.396586 0.328861
0.000010 0.012231 0.070781 0.000010 0.212699 0.063850 0.001478 0.000455 0.011188 0.379770 0.247527
0.000010 0.000010 0.130984 0.001378 0.165132 0.059169 0.010919 0.005337 0.034341 0.320100 0.272619
0.000010 0.010725 0.107225 0.017284 0.181507 0.066913 0.002710 0.000010 0.026437 0.335577 0.251602
0.008825 0.000010 0.127678 0.000010 0.034712 0.038105 0.002768 0.000010 0.021416 0.418867 0.347599
0.007914 0.000010 0.065797 0.035637 0.111696 0.037437 0.002168 0.000878 0.008392 0.431243 0.298826
0.013895 0.005880 0.057770 0.000010 0.080506 0.047973 0.001222 0.000010 0.005201 0.447442 0.340092
0.002827 0.000010 0.096222 0.003004 0.071021 0.052404 0.000010 0.001994 0.000010 0.440779 0.331719
0.016024 0.000010 0.075894 0.000010 0.038222 0.049652 0.000010 0.000977 0.031531 0.460952 0.326717
0.000010 0.003051 0.103010 0.003145 0.070455 0.041665 0.010121 0.008981 0.000010 0.422114 0.337437
0.002553 0.007475 0.105973 0.004998 0.073913 0.051247 0.007267 0.002132 0.000010 0.415264 0.329169
0.000010 0.000010 0.095112 0.000010 0.029087 0.048170 0.003709 0.012329 0.021556 0.462910 0.327096
0.000010 0.000010 0.109622 0.006205 0.075398 0.046753 0.001366 0.001104 0.000010 0.408118 0.351405
0.005104 0.009090 0.098610 0.002935 0.051727 0.049011 0.000010 0.009106 0.028722 0.401481 0.344204
0.014595 0.000010 0.034778 0.027957 0.082329 0.007569 0.000010 0.009180 0.000010 0.488185 0.335378
0.000010 0.000010 0.146189 0.000709 0.071812 0.072174 0.002427 0.011390 0.007186 0.383440 0.304654
0.003162 0.000010 0.095225 0.000010 0.165436 0.059491 0.016593 0.010459 0.015580 0.370931 0.263102
0.000686 0.000010 0.112314 0.000010 0.091295 0.061569 0.000010 0.000526 0.000010 0.413430 0.320141
0.000010 0.013479 0.079304 0.024391 0.094860 0.041666 0.000505 0.000010 0.017176 0.403202 0.325397
0.000010 0.010077 0.110428 0.008780 0.102036 0.076785 0.009346 0.002684 0.016569 0.371685 0.291600
0.005069 0.000010 0.054281 0.000010 0.134608 0.066328 0.000010 0.000010 0.002146 0.415630 0.321897
0.012543 0.000010 0.082141 0.022974 0.096719 0.046027 0.000010 0.005800 0.002885 0.404011 0.326880
0.000010 0.000010 0.091945 0.000010 0.082415 0.072517 0.001323 0.007856 0.007368 0.424442 0.312105
0.000010 0.003320 0.092619 0.000010 0.068857 0.048367 0.007704 0.013278 0.018796 0.401591 0.345448
0.000010 0.001072 0.116101 0.000010 0.088397 0.070882 0.000010 0.002688 0.053063 0.335166 0.332601
0.000010 0.005272 0.070194 0.000010 0.158376 0.060166 0.001781 0.002795 0.007943 0.428377 0.265076
0.000010 0.009510 0.070435 0.020569 0.055725 0.044696 0.005497 0.000010 0.024587 0.428922 0.340039
0.000761 0.000010 0.063408 0.021623 0.079450 0.021539 0.000010 0.000010 0.000010 0.481683 0.331496
0.000010 0.000010 0.069672 0.000010 0.170670 0.055608 0.019062 0.000010 0.033452 0.347250 0.304246
0.002750 0.000010 0.029957 0.000010 0.596080 0.042623 0.029909 0.000010 0.004012 0.197329 0.097309
0.011281 0.000010 0.101798 0.018391 0.090939 0.050900 0.000010 0.000010 0.028357 0.383576 0.314729
0.000010 0.010991 0.087359 0.000010 0.097666 0.047683 0.002934 0.000801 0.017975 0.417814 0.316757
0.000010 0.000010 0.044890 0.015469 0.004786 0.029439 0.006119 0.008645 0.008227 0.526566 0.355839
0.000010 0.012765 0.184492 0.008296 0.000010 0.091829 0.003243 0.009776 0.000751 0.365363 0.323465
0.000010 0.007331 0.215932 0.000010 0.130509 0.066392 0.004240 0.008134 0.009333 0.335792 0.222317
0.000010 0.009569 0.177442 0.022920 0.047513 0.071588 0.012120 0.016713 0.034009 0.361642 0.246475
0.000010 0.005915 0.106692 0.000010 0.014566 0.047733 0.001419 0.000010 0.002655 0.468490 0.352500
0.000010 0.003935 0.146622 0.012211 0.103078 0.071679 0.000010 0.002991 0.013856 0.385787 0.259821
0.000010 0.007159 0.184117 0.000010 0.075314 0.076932 0.004326 0.004160 0.007013 0.347614 0.293345
0.000010 0.002191 0.245448 0.012613 0.007876 0.098604 0.000010 0.000010 0.017308 0.349551 0.266377
0.008719 0.000010 0.215792 0.012796 0.159183 0.068647 0.002439 0.000010 0.009954 0.302537 0.219913
0.000010 0.002250 0.197375 0.035858 0.029874 0.064570 0.000010 0.003587 0.008269 0.381549 0.276648
0.000010 0.000019 0.198397 0.000010 0.044625 0.064716 0.000010 0.002204 0.007927 0.390625 0.291457
0.000010 0.023517 0.281676 0.006426 0.105256 0.148514 0.000010 0.000718 0.000010 0.260664 0.173197
0.000010 0.001170 0.093407 0.017407 0.193991 0.043847 0.000010 0.006572 0.034946 0.357984 0.250656
0.000010 0.001022 0.041716 0.070942 0.022930 0.024955 0.000010 0.001175 0.000010 0.408425 0.428806
0.000010 0.015771 0.102049 0.004113 0.097133 0.057058 0.000010 0.000010 0.017371 0.389448 0.317025
0.003442 0.000205 0.086883 0.011322 0.133553 0.055798 0.002041 0.013439 0.042109 0.374870 0.276338
0.000010 0.011021 0.048729 0.000010 0.031360 0.006627 0.000010 0.004285 0.037357 0.459769 0.400822
0.006124 0.000010 0.077711 0.026555 0.055013 0.039293 0.000010 0.015900 0.002350 0.455081 0.321953
0.007867 0.002253 0.105870 0.000010 0.074130 0.058510 0.005627 0.010563 0.000010 0.427177 0.307983
0.016121 0.006686 0.124902 0.011786 0.046826 0.067841 0.000010 0.000010 0.025510 0.394921 0.305389
0.006491 0.009045 0.088826 0.014910 0.125587 0.061825 0.000010 0.000010 0.008761 0.387847 0.296688
0.000010 0.011852 0.163896 0.000010 0.175810 0.079189 0.000010 0.003025 0.005666 0.320725 0.239806
0.024185 0.000010 0.124898 0.018755 0.170779 0.090234 0.014371 0.000128 0.031517 0.285435 0.239689
0.000010 0.008770 0.148041 0.000010 0.130029 0.072854 0.009389 0.016026 0.013622 0.339872 0.261375
0.000010 0.000010 0.138677 0.017217 0.089042 0.063780 0.000010 0.009246 0.004586 0.379927 0.297496
0.000010 0.010407 0.084487 0.008327 0.060028 0.058901 0.000842 0.000013 0.000010 0.457738 0.319236
0.011951 0.000010 0.099462 0.000010 0.150099 0.048467 0.015962 0.012547 0.014536 0.360271 0.286685
0.000010 0.020245 0.079637 0.018719 0.102304 0.041765 0.000010 0.005356 0.000010 0.388967 0.342977
0.000010 0.003543 0.072793 0.004079 0.112826 0.051781 0.000013 0.003782 0.000010 0.438247 0.312916
0.000010 0.000011 0.054110 0.000010 0.571827 0.024017 0.045136 0.002020 0.056636 0.137849 0.108375
0.000010 0.000010 0.028910 0.009134 0.406955 0.035683 0.017538 0.008399 0.080821 0.240719 0.171821
0.014329 0.000010 0.119329 0.011741 0.193475 0.048958 0.004350 0.000010 0.000010 0.339806 0.267982
0.001054 0.000010 0.061652 0.028587 0.087778 0.050878 0.017882 0.018451 0.000010 0.389028 0.344670
0.013476 0.000010 0.230753 0.012073 0.065268 0.081463 0.005359 0.007396 0.000010 0.340924 0.243268
0.006202 0.010952 0.191993 0.000010 0.004971 0.062054 0.000010 0.006036 0.011650 0.426145 0.279978
0.015878 0.000010 0.170750 0.000010 0.020448 0.055162 0.006597 0.005304 0.014671 0.414784 0.296386
0.002170 0.015706 0.206831 0.000010 0.137973 0.077178 0.013223 0.008072 0.016307 0.274266 0.248264
0.000010 0.007420 0.119058 0.000010 0.000010 0.056961 0.007223 0.002399 0.003283 0.457208 0.346419
0.000010 0.001927 0.212422 0.000010 0.001526 0.075004 0.009790 0.008033 0.003262 0.415272 0.272744
0.006833 0.014732 0.080701 0.004932 0.002630 0.043543 0.008444 0.003191 0.012456 0.493565 0.328974
0.011412 0.004751 0.192299 0.000010 0.079144 0.105594 0.014696 0.006371 0.034600 0.294586 0.256536
0.000840 0.003984 0.174522 0.000473 0.066522 0.072814 0.000889 0.000010 0.010431 0.370648 0.298866
0.006374 0.007482 0.206441 0.000010 0.167651 0.091439 0.007883 0.015487 0.001418 0.280277 0.215540
0.000010 0.018562 0.215659 0.000010 0.030494 0.086785 0.003404 0.011474 0.000010 0.346779 0.286813
0.000922 0.000010 0.044207 0.014655 0.000010 0.004366 0.003559 0.000686 0.004996 0.555607 0.370983
0.009002 0.000010 0.240455 0.001090 0.005209 0.115262 0.003644 0.004529 0.001917 0.330229 0.288653
0.000010 0.000567 0.251973 0.011844 0.005209 0.108231 0.004874 0.000010 0.009715 0.366595 0.240971
0.000010 0.000010 0.005629 0.018341 0.000010 0.015328 0.000010 0.000213 0.000010 0.740934 0.219505
0.021215 0.000483 0.387339 0.017447 0.000014 0.170528 0.000010 0.000047 0.000010 0.226582 0.176325
0.004838 0.009120 0.159255 0.000010 0.316773 0.068134 0.010741 0.000010 0.015313 0.233531 0.182275
0.000010 0.001049 0.268757 0.000010 0.018443 0.124624 0.000010 0.000010 0.012559 0.333281 0.241246
0.014366 0.006617 0.152545 0.015401 0.041090 0.057819 0.005239 0.000644 0.002640 0.406903 0.296736
0.007414 0.008091 0.152900 0.000010 0.000010 0.061439 0.000010 0.003205 0.004790 0.431554 0.330577
