0.002369 0.000010 0.005047 0.032654 0.145762 0.814148 0.000010
0.000010 0.008992 0.000010 0.027543 0.198314 0.765121 0.000010
0.000482 0.000010 0.000010 0.031638 0.171994 0.795855 0.000010
0.009847 0.000010 0.000010 0.018787 0.180401 0.790935 0.000010
0.009036 0.000010 0.000010 0.031678 0.198311 0.760945 0.000010
0.001849 0.000010 0.000010 0.025697 0.192258 0.780166 0.000010
0.007295 0.000010 0.000010 0.047863 0.140445 0.804367 0.000010
0.000010 0.000010 0.003588 0.032643 0.198282 0.765458 0.000010
0.008065 0.000015 0.000010 0.036339 0.205738 0.749823 0.000010
0.001710 0.000010 0.000010 0.036730 0.188445 0.773085 0.000010
0.006260 0.000062 0.000010 0.048034 0.194323 0.751301 0.000010
0.006120 0.000599 0.005191 0.025022 0.195778 0.767280 0.000010
0.006504 0.000012 0.000014 0.025507 0.184270 0.783683 0.000010
0.000010 0.000010 0.004897 0.010422 0.208395 0.776255 0.000010
0.002529 0.000013 0.003199 0.027627 0.165282 0.801340 0.000010
0.002064 0.001752 0.003516 0.043256 0.184693 0.764709 0.000010
0.001870 0.000017 0.000010 0.036995 0.180260 0.780838 0.000010
0.003794 0.000010 0.000010 0.025451 0.191402 0.779323 0.000010
0.000010 0.000010 0.001368 0.033704 0.180257 0.784641 0.000010
0.002539 0.000010 0.000010 0.037218 0.203274 0.756938 0.000010
0.004774 0.000010 0.000010 0.023031 0.206112 0.766053 0.000010
0.000667 0.002674 0.000010 0.031369 0.185510 0.779760 0.000010
0.010205 0.003004 0.000010 0.012388 0.180244 0.794139 0.000010
0.000010 0.005831 0.013214 0.018012 0.163913 0.799010 0.000010
0.001157 0.000014 0.000010 0.031016 0.173130 0.794663 0.000010
0.001570 0.002209 0.000010 0.035489 0.161749 0.798963 0.000010
0.002594 0.003608 0.007750 0.024442 0.186252 0.775345 0.000010
0.000010 0.000010 0.000010 0.057389 0.168841 0.773730 0.000010
0.004292 0.011953 0.000010 0.000277 0.177958 0.805500 0.000010
0.012949 0.005706 0.000010 0.027651 0.178673 0.775001 0.000010
0.000010 0.000010 0.000010 0.015482 0.209848 0.774631 0.000010
0.007885 0.000010 0.000010 0.026571 0.232020 0.733494 0.000010
0.000010 0.000010 0.000010 0.035563 0.230090 0.734306 0.000010
0.005978 0.000010 0.001256 0.022717 0.198662 0.771367 0.000010
0.000010 0.005576 0.000010 0.021216 0.230742 0.742436 0.000010
0.002276 0.000010 0.002449 0.031981 0.211702 0.751571 0.000010
0.002861 0.002523 0.000010 0.033519 0.203736 0.757341 0.000010
0.001890 0.005433 0.000010 0.021930 0.187178 0.783549 0.000010
0.010704 0.000015 0.000010 0.015971 0.203874 0.769415 0.000010
0.000862 0.002281 0.000010 0.035497 0.191572 0.769768 0.000010
0.000031 0.000241 0.000010 0.034107 0.201960 0.763641 0.000010
0.000125 0.000010 0.000014 0.032112 0.220568 0.747161 0.000010
0.006737 0.006190 0.000010 0.013009 0.223596 0.750448 0.000010
0.010821 0.000010 0.000010 0.017174 0.202813 0.769162 0.000010
0.003242 0.001146 0.000010 0.041656 0.202351 0.751584 0.000010
0.001986 0.000535 0.000015 0.022912 0.209811 0.764731 0.000010
0.000010 0.000010 0.000010 0.023314 0.222799 0.753847 0.000010
0.010141 0.003823 0.000010 0.023297 0.215692 0.747027 0.000010
0.000281 0.008198 0.002242 0.038918 0.209029 0.741322 0.000010
0.000010 0.001334 0.000010 0.009350 0.221991 0.767295 0.000010
0.000013 0.004143 0.000010 0.016560 0.206785 0.772480 0.000010
0.000882 0.000010 0.000010 0.043947 0.215551 0.739590 0.000010
0.003319 0.005838 0.001315 0.008428 0.215266 0.765825 0.000010
0.000010 0.000010 0.007434 0.019520 0.209290 0.763726 0.000010
0.006939 0.010754 0.003981 0.025943 0.205394 0.746980 0.000010
0.001599 0.000010 0.000010 0.038867 0.213351 0.746154 0.000010
0.000010 0.000010 0.000010 0.011713 0.223284 0.764964 0.000010
0.000781 0.001083 0.000010 0.003053 0.226840 0.768224 0.000010
0.000010 0.007821 0.004691 0.001855 0.215536 0.770077 0.000010
0.018442 0.002031 0.000010 0.022438 0.214516 0.742552 0.000010
0.001368 0.006607 0.000010 0.017509 0.215845 0.758652 0.000010
0.001899 0.000010 0.000010 0.021853 0.190100 0.786118 0.000010
0.018072 0.000010 0.061990 0.006149 0.000010 0.913759 0.000010
0.019725 0.000010 0.037920 0.006578 0.067217 0.868539 0.000010
0.018768 0.006574 0.045397 0.027899 0.000018 0.901334 0.000010
0.024181 0.003940 0.064174 0.021700 0.000010 0.885986 0.000010
0.019758 0.002417 0.047738 0.030566 0.000010 0.899501 0.000010
0.019413 0.000010 0.059091 0.027238 0.022638 0.871600 0.000010
0.015838 0.000010 0.059830 0.034840 0.023030 0.866442 0.000010
0.002510 0.009715 0.049578 0.058933 0.138737 0.740454 0.000074
0.024653 0.000631 0.057340 0.031294 0.000010 0.886062 0.000010
0.012875 0.008896 0.050090 0.046373 0.000010 0.881747 0.000010
0.019425 0.000010 0.061462 0.036008 0.000010 0.883075 0.000010
0.023864 0.007821 0.043170 0.021099 0.000014 0.904022 0.000010
0.023885 0.006951 0.069785 0.016890 0.000010 0.882468 0.000010
0.006962 0.000010 0.057844 0.026415 0.020656 0.888104 0.000010
0.019439 0.000291 0.053949 0.022466 0.015772 0.888072 0.000010
0.013982 0.000010 0.044803 0.045814 0.058558 0.836823 0.000010
0.009481 0.000011 0.000010 0.040191 0.235522 0.714776 0.000010
0.003421 0.004447 0.000010 0.023037 0.189206 0.779868 0.000010
0.000010 0.007355 0.000153 0.032572 0.234896 0.725005 0.000010
0.002896 0.000514 0.000010 0.034879 0.202074 0.759617 0.000010
0.000010 0.000010 0.005457 0.030961 0.220538 0.743013 0.000010
0.000010 0.000010 0.005637 0.012339 0.226715 0.755279 0.000010
0.000013 0.000010 0.004860 0.039767 0.204627 0.750713 0.000010
0.000010 0.002630 0.000010 0.045851 0.199684 0.751805 0.000010
0.000010 0.000013 0.000010 0.027135 0.210997 0.761824 0.000010
0.002989 0.000010 0.000010 0.023540 0.198906 0.774536 0.000010
0.013601 0.000626 0.000010 0.023737 0.201279 0.760736 0.000010
0.003271 0.000010 0.000010 0.023824 0.221372 0.751504 0.000010
0.004476 0.000785 0.000010 0.027786 0.218497 0.748436 0.000010
0.003382 0.000010 0.000498 0.016842 0.219733 0.759526 0.000010
0.013243 0.003687 0.000010 0.025076 0.226427 0.731547 0.000010
0.009400 0.000010 0.000010 0.033724 0.216546 0.740300 0.000010
0.000010 0.005675 0.000012 0.006394 0.212278 0.775620 0.000010
0.004530 0.001202 0.000010 0.051716 0.208556 0.733977 0.000010
0.013448 0.000010 0.000010 0.022455 0.226357 0.737711 0.000010
0.000010 0.000010 0.009735 0.035702 0.193158 0.761375 0.000010
0.001184 0.006336 0.000010 0.014192 0.216262 0.762006 0.000010
0.003646 0.003045 0.000010 0.040247 0.224531 0.728511 0.000010
0.001326 0.000010 0.000010 0.037820 0.208903 0.751920 0.000010
0.000010 0.000010 0.010725 0.014852 0.203642 0.770751 0.000010
0.000010 0.000010 0.000010 0.038349 0.223320 0.738291 0.000010
0.009056 0.001621 0.001333 0.014167 0.214894 0.758920 0.000010
0.002805 0.000015 0.000010 0.030862 0.215541 0.750756 0.000010
0.002833 0.000010 0.000010 0.024349 0.218924 0.753863 0.000010
0.000010 0.001716 0.000010 0.013810 0.240839 0.743606 0.000010
0.004183 0.000010 0.000019 0.026660 0.199248 0.769870 0.000010
0.003866 0.003947 0.000010 0.030217 0.208725 0.753224 0.000010
0.011719 0.000017 0.000018 0.000017 0.205049 0.783170 0.000010
0.000010 0.001632 0.000010 0.038190 0.194041 0.766107 0.000010
0.011287 0.002107 0.048672 0.036633 0.028699 0.872593 0.000010
0.014583 0.000015 0.067028 0.012901 0.003904 0.901559 0.000010
0.008360 0.001354 0.044423 0.040530 0.029435 0.875889 0.000010
0.018827 0.006919 0.037723 0.041216 0.000010 0.895295 0.000010
0.011236 0.018180 0.041377 0.012080 0.020511 0.896605 0.000010
0.009708 0.000010 0.080153 0.020589 0.000010 0.889520 0.000010
0.021063 0.000010 0.065299 0.028695 0.000010 0.884913 0.000010
0.014037 0.000017 0.057415 0.025359 0.037524 0.865638 0.000010
0.008690 0.002328 0.043429 0.019322 0.009820 0.916400 0.000010
0.014124 0.004601 0.036042 0.029556 0.039313 0.876354 0.000010
0.024701 0.009971 0.045183 0.032986 0.006273 0.880877 0.000010
0.016640 0.004879 0.020556 0.039834 0.044890 0.873192 0.000010
0.020205 0.000010 0.042352 0.052142 0.000010 0.885272 0.000010
0.017428 0.005046 0.043253 0.031711 0.000010 0.902541 0.000010
0.026768 0.005232 0.047381 0.023124 0.000017 0.897469 0.000010
0.002757 0.006488 0.063210 0.038594 0.000010 0.888931 0.000010
0.011358 0.000010 0.055371 0.033249 0.000010 0.899992 0.000010
0.014138 0.000010 0.074715 0.016893 0.000010 0.894225 0.000010
0.010679 0.000327 0.032575 0.044959 0.043663 0.867788 0.000010
0.011548 0.002445 0.060451 0.029924 0.000018 0.895604 0.000010
0.014431 0.000899 0.049849 0.023369 0.000010 0.911431 0.000010
0.009685 0.000010 0.044799 0.043215 0.013649 0.888631 0.000010
0.014980 0.000010 0.037505 0.005552 0.064871 0.877072 0.000010
0.011481 0.000452 0.035237 0.047424 0.028557 0.876839 0.000010
0.020015 0.005948 0.060713 0.008324 0.000010 0.904979 0.000010
0.021405 0.002661 0.055409 0.026689 0.032891 0.860936 0.000010
0.017803 0.000010 0.047526 0.015043 0.023294 0.896314 0.000010
0.008861 0.005020 0.055977 0.019693 0.000010 0.910429 0.000010
0.018396 0.006174 0.048455 0.015702 0.027881 0.883382 0.000010
0.031845 0.002639 0.048723 0.028657 0.013006 0.875120 0.000010
0.000010 0.000481 0.077271 0.005622 0.000010 0.916595 0.000010
0.022912 0.003156 0.049206 0.012179 0.000010 0.912527 0.000010
0.015176 0.002315 0.067049 0.013800 0.000010 0.901640 0.000010
0.022830 0.000015 0.043113 0.007659 0.002958 0.923415 0.000010
0.020951 0.000010 0.060327 0.024808 0.007847 0.886046 0.000010
0.015454 0.001695 0.052642 0.013849 0.008954 0.907397 0.000010
0.014415 0.000012 0.044503 0.028048 0.065373 0.847638 0.000010
0.016796 0.013122 0.036487 0.024163 0.011032 0.898390 0.000010
0.019903 0.000010 0.042074 0.019068 0.033208 0.885727 0.000010
0.024107 0.000012 0.038732 0.041590 0.026322 0.869227 0.000010
0.013218 0.000010 0.030932 0.038896 0.020344 0.896590 0.000010
0.010903 0.002120 0.052537 0.014544 0.020509 0.899376 0.000010
0.013887 0.000018 0.055508 0.026797 0.000010 0.903769 0.000010
0.013309 0.000010 0.037292 0.028520 0.040817 0.880041 0.000010
0.008455 0.004739 0.072229 0.035720 0.018107 0.860741 0.000010
0.014902 0.000010 0.030204 0.066021 0.133321 0.750538 0.005004
0.019186 0.000017 0.063839 0.001838 0.000010 0.915100 0.000010
0.018683 0.008517 0.046275 0.007840 0.000010 0.918665 0.000010
0.004662 0.001164 0.023238 0.031600 0.085938 0.853388 0.000010
0.019928 0.001362 0.055706 0.025034 0.000010 0.897949 0.000010
0.016833 0.003012 0.046492 0.008116 0.046753 0.878784 0.000010
0.009666 0.010947 0.055275 0.018258 0.000010 0.905834 0.000010
0.012168 0.000196 0.029311 0.026456 0.088424 0.843435 0.000010
0.019291 0.000010 0.047189 0.033907 0.001167 0.898427 0.000010
0.015621 0.005941 0.060057 0.020849 0.004341 0.893182 0.000010
0.015679 0.000010 0.049809 0.020010 0.005579 0.908903 0.000010
0.023453 0.000010 0.047262 0.000010 0.040080 0.889176 0.000010
0.029501 0.000019 0.057149 0.010852 0.000010 0.902459 0.000010
0.010436 0.000010 0.055670 0.021541 0.017561 0.894772 0.000010
0.016775 0.011773 0.031734 0.022041 0.032208 0.885459 0.000010
0.021126 0.005669 0.057374 0.019908 0.000010 0.895904 0.000010
0.016718 0.006779 0.055322 0.030280 0.005320 0.885570 0.000010
0.016507 0.000010 0.056282 0.019672 0.006414 0.901105 0.000010
0.022882 0.000438 0.056402 0.025761 0.000010 0.894497 0.000010
0.026555 0.000010 0.048373 0.045331 0.000010 0.879711 0.000010
0.020673 0.000010 0.059233 0.014221 0.021926 0.883927 0.000010
0.024970 0.006221 0.050308 0.008074 0.000010 0.910406 0.000010
0.022805 0.000015 0.042945 0.039376 0.000010 0.894838 0.000010
0.005520 0.007369 0.047082 0.038416 0.002550 0.899053 0.000010
0.015681 0.005282 0.046487 0.026559 0.000010 0.905971 0.000010
0.028715 0.000093 0.058498 0.021887 0.000010 0.890787 0.000010
0.007842 0.000458 0.058137 0.031306 0.000010 0.902237 0.000010
0.014964 0.005694 0.028794 0.020696 0.035094 0.894749 0.000010
0.027273 0.000490 0.055588 0.044175 0.015052 0.857412 0.000010
0.013767 0.005801 0.061342 0.004427 0.000010 0.914643 0.000010
0.009834 0.003239 0.025076 0.036122 0.052755 0.872964 0.000010
0.017310 0.004706 0.048727 0.018049 0.023639 0.887560 0.000010
0.016848 0.004227 0.057978 0.028192 0.000010 0.892734 0.000010
0.019697 0.000393 0.063475 0.009374 0.000010 0.907042 0.000010
0.010530 0.000010 0.051234 0.036060 0.006091 0.896065 0.000010
0.010587 0.001394 0.987962 0.000019 0.000018 0.000010 0.000010
0.004580 0.000016 0.995365 0.000010 0.000010 0.000010 0.000010
0.000010 0.000010 0.999940 0.000010 0.000010 0.000010 0.000010
0.000010 0.000010 0.999940 0.000010 0.000010 0.000010 0.000010
0.000794 0.005812 0.993354 0.000010 0.000010 0.000010 0.000010
0.001502 0.001995 0.996463 0.000010 0.000010 0.000010 0.000010
0.001675 0.003648 0.994601 0.000010 0.000046 0.000010 0.000010
0.003998 0.000220 0.995742 0.000010 0.000010 0.000010 0.000010
0.004079 0.006497 0.989072 0.000010 0.000322 0.000010 0.000010
0.000010 0.000010 0.999940 0.000010 0.000010 0.000010 0.000010
0.002461 0.000010 0.997489 0.000010 0.000010 0.000010 0.000010
0.005641 0.000010 0.992924 0.000010 0.000010 0.001395 0.000010
0.000010 0.000010 0.999940 0.000010 0.000010 0.000010 0.000010
0.008349 0.000010 0.987652 0.000010 0.003959 0.000010 0.000010
0.000010 0.007959 0.991991 0.000010 0.000010 0.000010 0.000010
0.000010 0.000010 0.999940 0.000010 0.000010 0.000010 0.000010
0.009461 0.008404 0.982095 0.000010 0.000010 0.000010 0.000010
0.006678 0.002069 0.991205 0.000017 0.000012 0.000010 0.000010
0.000751 0.000019 0.999188 0.000010 0.000010 0.000012 0.000010
0.008636 0.000010 0.991314 0.000010 0.000010 0.000010 0.000010
0.001206 0.000010 0.994760 0.003994 0.000010 0.000010 0.000010
0.000010 0.005876 0.994074 0.000010 0.000010 0.000010 0.000010
0.000010 0.002832 0.997118 0.000010 0.000010 0.000010 0.000010
0.010837 0.000015 0.989108 0.000010 0.000010 0.000010 0.000010
0.006023 0.001626 0.992311 0.000010 0.000010 0.000010 0.000010
0.006041 0.000563 0.993350 0.000010 0.000010 0.000015 0.000010
0.006940 0.002355 0.990664 0.000010 0.000010 0.000010 0.000010
0.001878 0.000010 0.998072 0.000010 0.000010 0.000010 0.000010
0.006853 0.000010 0.993097 0.000010 0.000010 0.000010 0.000010
0.000491 0.006050 0.993419 0.000010 0.000010 0.000010 0.000010
0.000010 0.002103 0.997847 0.000010 0.000010 0.000010 0.000010
0.000010 0.000010 0.999940 0.000010 0.000010 0.000010 0.000010
0.000010 0.000010 0.999940 0.000010 0.000010 0.000010 0.000010
0.004162 0.001801 0.993998 0.000010 0.000010 0.000010 0.000010
0.011480 0.002066 0.986414 0.000010 0.000010 0.000010 0.000010
0.000010 0.000010 0.999940 0.000010 0.000010 0.000010 0.000010
0.000805 0.005020 0.994134 0.000010 0.000010 0.000010 0.000010
0.001645 0.000010 0.998302 0.000010 0.000010 0.000013 0.000010
0.010028 0.002091 0.986523 0.001328 0.000010 0.000010 0.000010
0.002979 0.000010 0.996971 0.000010 0.000010 0.000010 0.000010
0.000217 0.000010 0.999733 0.000010 0.000010 0.000010 0.000010
0.000010 0.000010 0.999940 0.000010 0.000010 0.000010 0.000010
0.009932 0.000013 0.990010 0.000015 0.000010 0.000010 0.000010
0.151553 0.000010 0.012164 0.004657 0.334432 0.413614 0.083570
0.191485 0.001864 0.000010 0.012956 0.310163 0.303563 0.179959
0.109160 0.010449 0.000010 0.043341 0.324591 0.443000 0.069449
0.004838 0.000010 0.995102 0.000010 0.000020 0.000010 0.000010
0.000360 0.000010 0.999584 0.000016 0.000010 0.000010 0.000010
0.005501 0.000655 0.993802 0.000010 0.000012 0.000010 0.000010
0.000010 0.000010 0.999940 0.000010 0.000010 0.000010 0.000010
0.000010 0.000019 0.999926 0.000010 0.000016 0.000010 0.000010
0.004586 0.000010 0.995364 0.000010 0.000010 0.000010 0.000010
0.000010 0.000010 0.999940 0.000010 0.000010 0.000010 0.000010
0.000010 0.000010 0.999940 0.000010 0.000010 0.000010 0.000010
0.004327 0.000018 0.995615 0.000010 0.000010 0.000010 0.000010
0.000010 0.000010 0.999934 0.000010 0.000010 0.000016 0.000010
0.000010 0.004209 0.995741 0.000010 0.000010 0.000010 0.000010
0.000019 0.000010 0.999931 0.000010 0.000010 0.000010 0.000010
0.011044 0.000011 0.988906 0.000010 0.000010 0.000010 0.000010
0.002410 0.010927 0.973522 0.013110 0.000010 0.000010 0.000010
0.023841 0.000409 0.967110 0.000010 0.001651 0.006969 0.000010
0.002425 0.000010 0.997525 0.000010 0.000010 0.000010 0.000010
0.000010 0.000010 0.999940 0.000010 0.000010 0.000010 0.000010
0.000350 0.000010 0.999600 0.000010 0.000010 0.000010 0.000010
0.000011 0.000010 0.995667 0.004282 0.000010 0.000010 0.000010
0.000014 0.000010 0.999936 0.000010 0.000010 0.000010 0.000010
0.000860 0.000010 0.999090 0.000010 0.000010 0.000010 0.000010
0.005834 0.000010 0.994116 0.000010 0.000010 0.000010 0.000010
0.000010 0.003380 0.996570 0.000010 0.000010 0.000010 0.000010
0.000010 0.004335 0.995615 0.000010 0.000010 0.000010 0.000010
0.005063 0.000010 0.994649 0.000010 0.000248 0.000010 0.000010
0.002086 0.006726 0.991146 0.000010 0.000011 0.000010 0.000010
0.000010 0.000010 0.999940 0.000010 0.000010 0.000010 0.000010
0.006227 0.004916 0.988810 0.000010 0.000010 0.000017 0.000010
0.006623 0.000010 0.993327 0.000010 0.000010 0.000010 0.000010
0.000010 0.000010 0.999940 0.000010 0.000010 0.000010 0.000010
0.000010 0.000017 0.999926 0.000010 0.000010 0.000017 0.000010
0.130766 0.007346 0.008381 0.000010 0.302350 0.407328 0.143819
0.144458 0.000083 0.006816 0.002170 0.317383 0.365428 0.163662
0.094075 0.000813 0.013019 0.040118 0.344176 0.440719 0.067080
0.155861 0.002786 0.011194 0.026589 0.321649 0.406325 0.075596
0.000010 0.003385 0.996565 0.000010 0.000010 0.000010 0.000010
0.000490 0.000010 0.999460 0.000010 0.000010 0.000010 0.000010
0.000010 0.000010 0.999940 0.000010 0.000010 0.000010 0.000010
0.000010 0.000010 0.999940 0.000010 0.000010 0.000010 0.000010
0.001355 0.009145 0.989460 0.000010 0.000010 0.000010 0.000010
0.004184 0.000010 0.995766 0.000010 0.000010 0.000010 0.000010
0.000010 0.005608 0.994342 0.000010 0.000010 0.000010 0.000010
0.000044 0.000900 0.999015 0.000010 0.000011 0.000010 0.000010
0.000010 0.004898 0.995052 0.000010 0.000010 0.000010 0.000010
0.000010 0.005203 0.994747 0.000010 0.000010 0.000010 0.000010
0.003860 0.007835 0.988265 0.000010 0.000010 0.000010 0.000010
0.000315 0.002814 0.996831 0.000010 0.000010 0.000010 0.000010
0.000072 0.000365 0.999523 0.000010 0.000010 0.000010 0.000010
0.003743 0.010149 0.986068 0.000010 0.000010 0.000010 0.000010
0.005246 0.000010 0.994648 0.000010 0.000066 0.000010 0.000010
0.000010 0.000542 0.999406 0.000010 0.000010 0.000012 0.000010
0.000319 0.000111 0.999531 0.000010 0.000010 0.000010 0.000010
0.006998 0.003158 0.989803 0.000010 0.000010 0.000010 0.000010
0.000010 0.000010 0.999940 0.000010 0.000010 0.000010 0.000010
0.000010 0.000010 0.999940 0.000010 0.000010 0.000010 0.000010
0.000597 0.007226 0.992137 0.000010 0.000010 0.000010 0.000010
0.000010 0.000010 0.999940 0.000010 0.000010 0.000010 0.000010
0.000010 0.000010 0.999940 0.000010 0.000010 0.000010 0.000010
0.000010 0.001778 0.998172 0.000010 0.000010 0.000010 0.000010
0.082734 0.005812 0.015475 0.017421 0.394277 0.465823 0.018458
0.121172 0.005445 0.025849 0.007160 0.376194 0.416982 0.047198
0.201297 0.001415 0.006744 0.000010 0.295079 0.390524 0.104931
0.101540 0.015100 0.000010 0.000010 0.312177 0.515098 0.056065
0.105025 0.009119 0.000010 0.000010 0.293566 0.509244 0.083026
0.071939 0.004031 0.000010 0.028474 0.275664 0.573763 0.046119
0.132138 0.000010 0.013596 0.000010 0.310413 0.418163 0.125670
0.000010 0.013932 0.975854 0.008397 0.001788 0.000010 0.000010
0.000010 0.018357 0.981586 0.000010 0.000010 0.000017 0.000010
0.000010 0.017835 0.972266 0.009853 0.000016 0.000010 0.000010
0.000013 0.014014 0.985933 0.000010 0.000010 0.000010 0.000010
0.000010 0.013826 0.969668 0.016466 0.000010 0.000010 0.000010
0.000010 0.025381 0.974569 0.000010 0.000010 0.000010 0.000010
0.000010 0.018260 0.981690 0.000010 0.000010 0.000010 0.000010
0.000010 0.010490 0.985351 0.002821 0.001307 0.000010 0.000010
0.007248 0.015800 0.976235 0.000686 0.000010 0.000010 0.000010
0.000011 0.012144 0.980383 0.007433 0.000010 0.000010 0.000010
0.000010 0.010944 0.989003 0.000010 0.000010 0.000013 0.000010
0.000010 0.010383 0.975588 0.013989 0.000010 0.000010 0.000010
0.000010 0.015823 0.978503 0.005634 0.000010 0.000010 0.000010
0.000010 0.015441 0.974696 0.009824 0.000010 0.000010 0.000010
0.000017 0.020447 0.977949 0.001558 0.000010 0.000010 0.000010
0.099184 0.000010 0.010925 0.023009 0.306181 0.484621 0.076069
0.136924 0.010433 0.006949 0.003433 0.326213 0.404932 0.111116
0.132623 0.000443 0.009780 0.000010 0.245505 0.385420 0.226219
0.182450 0.005846 0.000310 0.002753 0.271466 0.327685 0.209491
0.169224 0.000010 0.008660 0.018781 0.253244 0.339933 0.210147
0.157553 0.000010 0.010109 0.000010 0.345810 0.428682 0.057826
0.100884 0.000948 0.004499 0.037483 0.295875 0.436965 0.123345
0.103555 0.000010 0.018437 0.000010 0.335902 0.454672 0.087413
0.143571 0.002257 0.001107 0.004948 0.327366 0.448904 0.071846
0.121671 0.001644 0.015625 0.000010 0.322794 0.470226 0.068030
0.139535 0.010194 0.000373 0.004637 0.333376 0.430116 0.081768
0.149931 0.001871 0.011641 0.005914 0.325555 0.423246 0.081843
0.137455 0.012889 0.000010 0.001556 0.324646 0.469814 0.053629
0.150332 0.000964 0.000010 0.005742 0.349073 0.415487 0.078393
0.142102 0.009167 0.014872 0.003542 0.342747 0.408569 0.079003
0.041464 0.009524 0.010762 0.029474 0.332595 0.492880 0.083300
0.210254 0.012129 0.000010 0.003450 0.303488 0.388804 0.081866
0.150257 0.010664 0.002314 0.000010 0.261153 0.377940 0.197663
0.166861 0.000905 0.001933 0.000516 0.317453 0.420514 0.091819
0.116973 0.000010 0.011871 0.025101 0.324255 0.408801 0.112989
0.181791 0.003136 0.008477 0.010894 0.289859 0.378085 0.127758
0.120381 0.000010 0.001447 0.000010 0.318796 0.421133 0.138223
0.124242 0.005975 0.011444 0.024339 0.321866 0.412093 0.100040
0.160327 0.007878 0.000010 0.000010 0.307785 0.432327 0.091663
0.135736 0.013420 0.003540 0.000010 0.343412 0.409446 0.094437
0.181540 0.003515 0.000268 0.000010 0.332792 0.342890 0.138985
0.127310 0.003454 0.003566 0.000010 0.263819 0.432770 0.169071
0.111522 0.000010 0.007840 0.023404 0.339800 0.432886 0.084537
0.081355 0.000010 0.000348 0.020927 0.327135 0.489412 0.080812
0.121449 0.000010 0.000018 0.000010 0.301991 0.354500 0.222022
0.073656 0.000010 0.000010 0.000010 0.094398 0.200977 0.630939
0.149336 0.000010 0.007435 0.021186 0.311436 0.391971 0.118626
0.130261 0.000687 0.011685 0.000010 0.315543 0.423133 0.118682
0.071852 0.008714 0.000010 0.017720 0.351986 0.531529 0.018189
0.264766 0.010069 0.016071 0.009915 0.321088 0.374370 0.003722
0.267823 0.008490 0.011193 0.000010 0.222690 0.344529 0.145266
0.237652 0.017495 0.012091 0.025320 0.247164 0.368644 0.091635
0.147443 0.000010 0.007643 0.000010 0.349913 0.476007 0.018974
0.209642 0.003102 0.005570 0.012076 0.256324 0.395751 0.117535
0.249868 0.004389 0.008512 0.000817 0.291045 0.357843 0.087525
0.328278 0.000010 0.006560 0.014646 0.264963 0.360547 0.024996
0.272131 0.000010 0.006745 0.016180 0.218386 0.313460 0.173088
0.249142 0.003243 0.005804 0.036950 0.275090 0.391214 0.038556
0.249741 0.003813 0.001215 0.000010 0.288133 0.403482 0.053606
0.413572 0.000607 0.026449 0.009853 0.171715 0.271534 0.106270
0.132855 0.007300 0.000010 0.017173 0.249835 0.364411 0.228416
0.063542 0.001848 0.000182 0.071238 0.424141 0.415993 0.023056
0.154667 0.000010 0.012954 0.005885 0.315405 0.396393 0.114687
0.138086 0.013197 0.004296 0.012404 0.274662 0.381568 0.175787
0.052203 0.005169 0.009923 0.000010 0.397880 0.468288 0.066526
0.112422 0.015889 0.006042 0.028120 0.320389 0.459327 0.057811
0.158963 0.010980 0.010176 0.000010 0.306084 0.433077 0.080710
0.185971 0.000010 0.024033 0.011836 0.304912 0.402180 0.071056
0.146600 0.000010 0.015632 0.014525 0.292995 0.395403 0.134836
0.233143 0.002604 0.014003 0.000010 0.239165 0.328626 0.182450
0.211448 0.000822 0.019531 0.021447 0.238370 0.292407 0.215974
0.213110 0.017154 0.008274 0.000010 0.260090 0.348057 0.153305
0.194001 0.009615 0.000010 0.018301 0.293569 0.389950 0.094555
0.138830 0.000010 0.009783 0.009103 0.316453 0.463785 0.062037
0.144849 0.013343 0.009010 0.000010 0.284425 0.367787 0.180577
0.115645 0.005278 0.020976 0.020350 0.338201 0.396631 0.102919
0.121150 0.004102 0.001691 0.005889 0.307814 0.445519 0.113837
0.075325 0.001995 0.000010 0.000010 0.107402 0.143465 0.671793
0.064029 0.007954 0.000010 0.008406 0.174726 0.243297 0.501578
0.163862 0.000010 0.009459 0.014800 0.264807 0.347327 0.199735
0.110245 0.018251 0.000429 0.028596 0.340156 0.396110 0.106214
0.299890 0.008501 0.011532 0.015445 0.240897 0.351455 0.072280
0.240279 0.005943 0.021328 0.000010 0.281004 0.434690 0.016747
0.216940 0.006427 0.014366 0.000010 0.293466 0.427269 0.041521
0.270581 0.007716 0.022220 0.000010 0.246268 0.285306 0.167899
0.168834 0.002244 0.010004 0.000010 0.345230 0.464095 0.009583
0.273749 0.009310 0.004681 0.000010 0.271478 0.425434 0.015336
0.119268 0.003719 0.022473 0.006201 0.325170 0.500894 0.022276
0.287370 0.006837 0.018810 0.000010 0.257262 0.303162 0.126550
0.235883 0.000010 0.007872 0.000964 0.297781 0.379235 0.078255
0.285641 0.014986 0.016299 0.000010 0.213523 0.290436 0.179105
0.288404 0.011896 0.022347 0.000010 0.284415 0.358186 0.034742
0.044701 0.001114 0.000010 0.017123 0.364369 0.564424 0.008260
0.341285 0.005109 0.011501 0.002973 0.289285 0.338491 0.011356
0.345331 0.000010 0.001815 0.016352 0.241494 0.375040 0.019959
0.018866 0.000010 0.000010 0.022050 0.216273 0.742780 0.000010
0.535464 0.000568 0.028011 0.016881 0.176841 0.240846 0.001389
0.216421 0.000010 0.016879 0.000010 0.180516 0.242331 0.343832
0.377494 0.000015 0.006469 0.000010 0.243271 0.341770 0.030970
0.200895 0.000708 0.024407 0.014365 0.295876 0.414115 0.049633
0.204971 0.003498 0.017597 0.000010 0.328676 0.440547 0.004701
0.371679 0.000010 0.012112 0.014719 0.232573 0.324245 0.044663
0.367561 0.001537 0.005791 0.022444 0.208449 0.320406 0.073813
0.265033 0.003098 0.020032 0.006638 0.289022 0.403719 0.012458
0.185290 0.000010 0.016024 0.018361 0.322410 0.435417 0.022487
0.168703 0.001598 0.000010 0.004149 0.347736 0.465620 0.012184
0.299603 0.012139 0.000010 0.000010 0.271463 0.363679 0.053097
0.273565 0.000099 0.020407 0.000010 0.259644 0.433472 0.012801
0.223947 0.000010 0.014711 0.017476 0.278565 0.422391 0.042899
0.224106 0.003430 0.013669 0.018447 0.293717 0.388400 0.058231
0.251216 0.012950 0.006776 0.007530 0.240943 0.336000 0.144585
0.228450 0.000010 0.015250 0.000010 0.248643 0.397461 0.110177
0.245953 0.000010 0.001376 0.003685 0.340902 0.389604 0.018468
0.285456 0.000010 0.015421 0.002175 0.233149 0.321363 0.142426
0.273661 0.003738 0.014895 0.015798 0.266541 0.334985 0.090381
0.352224 0.008675 0.018271 0.006444 0.254424 0.316874 0.043088
0.236796 0.003901 0.000010 0.009539 0.277599 0.442824 0.029331
0.217795 0.011449 0.014320 0.006006 0.300979 0.393360 0.056092
0.132880 0.004596 0.006089 0.017730 0.339333 0.447881 0.051492
0.277547 0.000421 0.004271 0.000010 0.200872 0.236019 0.280860
0.111452 0.000455 0.011579 0.014137 0.362715 0.491911 0.007751
0.034774 0.010276 0.000469 0.002073 0.379054 0.559904 0.013450
0.219597 0.000543 0.000014 0.000010 0.236035 0.366730 0.177072
0.373597 0.001643 0.024972 0.034170 0.237550 0.307017 0.021052
0.377415 0.009314 0.009074 0.000010 0.230562 0.337363 0.036262
0.362819 0.009551 0.011806 0.000010 0.239714 0.329143 0.046956
0.351425 0.011706 0.003271 0.019361 0.193258 0.241467 0.179512
0.272544 0.001682 0.023176 0.010457 0.154187 0.235937 0.302016
0.301048 0.012835 0.005738 0.000010 0.215943 0.271157 0.193269
0.180189 0.000010 0.009734 0.001243 0.349503 0.440522 0.018799
0.125741 0.008099 0.015243 0.014398 0.276856 0.408816 0.150847
0.125541 0.000010 0.009909 0.017612 0.341832 0.489217 0.015880
0.155153 0.006869 0.000010 0.028020 0.351895 0.449016 0.009037
0.197678 0.000010 0.003367 0.032888 0.318188 0.431167 0.016701
0.379310 0.006709 0.024107 0.000010 0.201782 0.282668 0.105414
0.357658 0.009169 0.015851 0.000010 0.187163 0.302540 0.127610
0.346797 0.003260 0.007305 0.000010 0.248207 0.348645 0.045778
0.333558 0.002999 0.007080 0.002948 0.257328 0.348827 0.047261
0.000010 0.001209 0.018424 0.013099 0.381762 0.570232 0.015265
0.001866 0.000015 0.007630 0.000010 0.382122 0.593746 0.014611
0.001589 0.003319 0.000010 0.020936 0.378632 0.588455 0.007059
0.002436 0.006408 0.007045 0.002082 0.393235 0.582809 0.005985
0.003468 0.005223 0.000010 0.003219 0.395665 0.580824 0.011592
0.002335 0.009732 0.000013 0.000010 0.376810 0.600945 0.010155
0.000010 0.002663 0.006113 0.015839 0.403311 0.553044 0.019020
0.004959 0.004202 0.000010 0.019481 0.404399 0.560794 0.006156
0.004055 0.000010 0.000010 0.000010 0.361587 0.629597 0.004731
0.000010 0.008371 0.003909 0.000010 0.361659 0.619781 0.006259
0.000010 0.000010 0.000919 0.000010 0.346938 0.652103 0.000010
0.000010 0.000593 0.000010 0.000010 0.338127 0.661240 0.000010
0.000010 0.000017 0.002520 0.000010 0.341933 0.655500 0.000010
0.000010 0.000010 0.000010 0.000010 0.341431 0.658519 0.000010
0.004785 0.000020 0.000010 0.000010 0.335807 0.659359 0.000010
0.004072 0.000010 0.000010 0.000017 0.339865 0.656017 0.000010
0.008409 0.002496 0.010669 0.003420 0.391635 0.578628 0.004743
0.000010 0.007996 0.012706 0.002964 0.397404 0.565566 0.013354
0.010535 0.004499 0.000010 0.019432 0.392332 0.546373 0.026820
0.003940 0.000010 0.003315 0.007917 0.387105 0.581621 0.016092
0.002433 0.005802 0.004957 0.007579 0.365197 0.595849 0.018182
0.000010 0.006003 0.000010 0.038742 0.391687 0.545868 0.017679
0.000010 0.003721 0.019126 0.000010 0.343419 0.623586 0.010128
0.000010 0.001462 0.007936 0.016603 0.361276 0.605147 0.007567
0.211729 0.000917 0.009622 0.005921 0.322811 0.394555 0.054445
0.218805 0.007328 0.000010 0.003035 0.168658 0.222154 0.380010
0.652941 0.005614 0.006973 0.017843 0.152920 0.163699 0.000010
0.437493 0.006035 0.020802 0.018354 0.229277 0.275120 0.012918
0.612397 0.000010 0.020848 0.000010 0.165757 0.200967 0.000010
0.922585 0.000010 0.003006 0.000010 0.036312 0.038066 0.000010
0.415686 0.000011 0.000010 0.029041 0.197481 0.294977 0.062794
0.579412 0.000010 0.006819 0.001463 0.186712 0.214028 0.011556
0.000010 0.022484 0.950730 0.020324 0.000010 0.006431 0.000010
0.000010 0.008080 0.976328 0.015552 0.000010 0.000010 0.000010
0.000010 0.011520 0.968330 0.020110 0.000010 0.000010 0.000010
0.000010 0.014191 0.965850 0.019919 0.000010 0.000010 0.000010
0.000010 0.013117 0.978552 0.006489 0.001812 0.000010 0.000010
0.007883 0.006605 0.000010 0.025207 0.391496 0.554302 0.014497
0.006861 0.003210 0.003930 0.014106 0.355944 0.598512 0.017438
0.007761 0.010337 0.004963 0.001773 0.368047 0.605608 0.001512
0.002750 0.000010 0.003775 0.000010 0.386297 0.601710 0.005448
0.004226 0.004735 0.000010 0.021515 0.385625 0.578126 0.005763
0.000010 0.010744 0.007434 0.004452 0.361974 0.602733 0.012654
0.000010 0.002659 0.003745 0.008147 0.410886 0.562983 0.011570
0.000010 0.000010 0.008905 0.005009 0.388231 0.576019 0.021817
0.003038 0.001514 0.000010 0.039388 0.376447 0.579558 0.000046
0.000010 0.003003 0.014707 0.010705 0.369903 0.596703 0.004969
0.002041 0.001330 0.021366 0.004383 0.395029 0.567614 0.008236
0.008113 0.000352 0.020886 0.000010 0.378448 0.585368 0.006824
0.000010 0.001535 0.000010 0.031111 0.377420 0.579209 0.010705
0.001408 0.000391 0.013457 0.000010 0.394130 0.575227 0.015377
0.004821 0.004108 0.000010 0.006839 0.387367 0.580261 0.016595
0.000010 0.005005 0.013175 0.002630 0.401111 0.566006 0.012063
0.006222 0.006726 0.000010 0.003112 0.386170 0.592750 0.005009
0.000010 0.005336 0.000010 0.026256 0.450327 0.467143 0.050919
0.001765 0.008589 0.011196 0.007438 0.448028 0.481242 0.041742
0.002221 0.000012 0.000010 0.017509 0.407615 0.572623 0.000010
0.000010 0.000010 0.003202 0.006165 0.415348 0.572509 0.002756
0.008868 0.004683 0.003692 0.032675 0.351256 0.575428 0.023397
0.000010 0.007036 0.000010 0.003059 0.375349 0.576745 0.037791
0.000010 0.006956 0.007822 0.014412 0.379458 0.584870 0.006471
0.007076 0.000010 0.000010 0.029577 0.364121 0.593307 0.005899
0.000010 0.002319 0.006443 0.012072 0.367812 0.611334 0.000010
0.000241 0.004302 0.000010 0.017030 0.393296 0.585111 0.000010
0.005748 0.006116 0.000010 0.000010 0.385212 0.602893 0.000010
0.000015 0.014377 0.013540 0.000010 0.380103 0.591945 0.000010
0.000010 0.011359 0.003250 0.000010 0.362132 0.621213 0.002027
0.007353 0.000010 0.006028 0.000010 0.374389 0.600227 0.011983
0.000010 0.004791 0.000380 0.003966 0.379187 0.611656 0.000010
0.000010 0.005924 0.007879 0.000010 0.386270 0.599897 0.000010
0.002633 0.000010 0.006974 0.009742 0.394431 0.564713 0.021498
0.000510 0.002348 0.002319 0.023896 0.337835 0.617386 0.015704
0.000733 0.003181 0.000010 0.022186 0.424538 0.508002 0.041350
0.005300 0.000010 0.010252 0.000010 0.415041 0.526648 0.042739
0.006531 0.014305 0.000023 0.022806 0.387799 0.554516 0.014021
0.000010 0.000010 0.013281 0.013988 0.420243 0.534591 0.017876
0.000228 0.005449 0.000010 0.000010 0.323942 0.670352 0.000010
0.000010 0.000010 0.000010 0.000010 0.362444 0.637506 0.000010
0.000222 0.000010 0.010874 0.018566 0.391144 0.552898 0.026285
0.000010 0.000721 0.011047 0.000010 0.406450 0.560680 0.021082
0.005643 0.011823 0.008805 0.001195 0.375683 0.585524 0.011327
0.001446 0.000370 0.011349 0.037743 0.359840 0.577454 0.011797
0.000010 0.000010 0.004753 0.014064 0.415172 0.552110 0.013881
0.000010 0.000010 0.000767 0.024016 0.382865 0.577510 0.014822
0.000010 0.005117 0.010184 0.000010 0.377367 0.606752 0.000560
0.010687 0.000010 0.006936 0.009528 0.385988 0.580450 0.006401
0.000010 0.000010 0.018387 0.003822 0.392429 0.575902 0.009440
0.000012 0.000010 0.003807 0.009572 0.385819 0.594444 0.006335
0.000010 0.000674 0.000010 0.000361 0.355579 0.638282 0.005083
0.009985 0.005811 0.002191 0.002567 0.351798 0.616492 0.011156
0.010896 0.000010 0.000010 0.000010 0.371482 0.617202 0.000390
0.000010 0.003434 0.000010 0.018615 0.382724 0.592531 0.002676
0.006113 0.000010 0.000010 0.000010 0.387668 0.602561 0.003627
0.001457 0.006793 0.005104 0.014061 0.357931 0.614643 0.000010
0.003924 0.003398 0.011011 0.000010 0.368852 0.612795 0.000010
0.000010 0.002600 0.000010 0.005339 0.380541 0.610193 0.001307
0.002410 0.000010 0.005105 0.006247 0.366062 0.613068 0.007099
0.005805 0.000010 0.000010 0.022141 0.384883 0.570144 0.017007
0.000010 0.000010 0.009410 0.009184 0.376643 0.595248 0.009495
0.008422 0.006003 0.000010 0.021851 0.195903 0.767801 0.000010
0.000010 0.000541 0.000307 0.047870 0.225443 0.725820 0.000010
0.000010 0.007816 0.992134 0.000010 0.000010 0.000010 0.000010
0.000010 0.013740 0.979928 0.006291 0.000010 0.000010 0.000010
0.000010 0.009109 0.990835 0.000010 0.000010 0.000016 0.000010
0.000010 0.023963 0.975762 0.000235 0.000010 0.000010 0.000010
0.010180 0.002786 0.984717 0.000010 0.002288 0.000010 0.000010
0.000010 0.008058 0.991890 0.000010 0.000010 0.000012 0.000010
0.000010 0.005536 0.994371 0.000010 0.000053 0.000010 0.000010
0.000010 0.013422 0.986528 0.000010 0.000010 0.000010 0.000010
0.000016 0.021662 0.978177 0.000116 0.000010 0.000010 0.000010
0.000010 0.018985 0.980964 0.000010 0.000011 0.000010 0.000010
0.000010 0.012934 0.987016 0.000010 0.000010 0.000010 0.000010
0.000010 0.016256 0.975776 0.007928 0.000010 0.000010 0.000010
0.000010 0.010900 0.980822 0.008237 0.000010 0.000010 0.000010
0.000010 0.002888 0.997062 0.000010 0.000010 0.000010 0.000010
0.000011 0.007303 0.983179 0.009477 0.000010 0.000010 0.000010
0.000010 0.005437 0.987969 0.006554 0.000010 0.000010 0.000010
0.000010 0.007767 0.992178 0.000010 0.000010 0.000015 0.000010
0.000011 0.006055 0.984870 0.009034 0.000010 0.000010 0.000010
0.000010 0.018472 0.975490 0.001613 0.004395 0.000010 0.000010
0.000010 0.016889 0.983054 0.000010 0.000010 0.000017 0.000010
0.000010 0.017969 0.981981 0.000010 0.000010 0.000010 0.000010
0.000015 0.016176 0.966388 0.017391 0.000010 0.000010 0.000010
0.000010 0.017466 0.958339 0.023099 0.001066 0.000010 0.000010
0.000010 0.011296 0.973509 0.015155 0.000010 0.000010 0.000010
0.000010 0.015008 0.953087 0.030467 0.001408 0.000010 0.000010
0.000010 0.011930 0.966551 0.021478 0.000010 0.000010 0.000010
0.000010 0.008020 0.960172 0.023641 0.008137 0.000010 0.000010
0.000010 0.014074 0.956111 0.029775 0.000010 0.000010 0.000010
0.000010 0.012464 0.962158 0.025338 0.000010 0.000010 0.000010
0.000010 0.010909 0.955031 0.034019 0.000010 0.000010 0.000010
0.000010 0.006972 0.969627 0.021758 0.000010 0.001613 0.000010
0.000010 0.018951 0.968558 0.012450 0.000010 0.000010 0.000010
0.000010 0.020349 0.952587 0.027024 0.000010 0.000010 0.000010
0.000010 0.015180 0.971290 0.013490 0.000010 0.000010 0.000010
0.000010 0.012581 0.955709 0.031669 0.000010 0.000010 0.000010
0.000010 0.016415 0.960768 0.022775 0.000010 0.000012 0.000010
0.000010 0.014553 0.963095 0.021609 0.000713 0.000010 0.000010
0.000010 0.011666 0.983447 0.004838 0.000018 0.000010 0.000010
0.000010 0.003073 0.983460 0.009978 0.003459 0.000010 0.000010
0.002390 0.015884 0.955339 0.026356 0.000010 0.000010 0.000010
0.000010 0.004615 0.974451 0.020893 0.000010 0.000010 0.000010
0.000010 0.006717 0.976233 0.014384 0.002636 0.000010 0.000010
0.000010 0.018769 0.958553 0.022638 0.000010 0.000010 0.000010
0.000010 0.015090 0.973988 0.008966 0.001926 0.000010 0.000010
0.000010 0.020059 0.943973 0.035928 0.000010 0.000010 0.000010
0.000010 0.014144 0.958917 0.026899 0.000010 0.000010 0.000010
0.000012 0.013631 0.960838 0.021921 0.003577 0.000010 0.000010
0.000010 0.005504 0.980868 0.012301 0.000392 0.000915 0.000010
0.005068 0.017457 0.965086 0.012358 0.000010 0.000011 0.000010
0.000010 0.020227 0.960906 0.018826 0.000010 0.000010 0.000010
0.001721 0.015300 0.964114 0.017720 0.000010 0.001125 0.000010
0.001526 0.018936 0.964665 0.008870 0.002628 0.003365 0.000010
0.000010 0.012116 0.960563 0.027277 0.000014 0.000010 0.000010
0.000010 0.018315 0.955520 0.026125 0.000010 0.000010 0.000010
0.003195 0.000010 0.022799 0.008204 0.041377 0.099931 0.824484
0.008394 0.026942 0.081337 0.281407 0.004826 0.046391 0.550702
0.003135 0.001183 0.000519 0.001709 0.000199 0.038146 0.955109
0.000010 0.000010 0.013135 0.004991 0.032835 0.102571 0.846449
0.000010 0.000010 0.003372 0.000010 0.027270 0.036943 0.932385
0.004983 0.001657 0.000010 0.002599 0.029751 0.086206 0.874795
0.001742 0.000010 0.000010 0.000010 0.002869 0.027821 0.967539
0.005550 0.000010 0.000010 0.002441 0.033687 0.087436 0.870867
0.681612 0.000010 0.009213 0.000010 0.104328 0.133878 0.070949
0.543791 0.000010 0.006572 0.009898 0.153467 0.167436 0.118827
0.000010 0.005339 0.002782 0.000010 0.012868 0.075298 0.903692
0.001630 0.000010 0.002589 0.003828 0.000669 0.025817 0.965457
0.001870 0.000010 0.000010 0.000010 0.020859 0.078225 0.899016
0.000906 0.005799 0.000010 0.007176 0.043649 0.103231 0.839229
0.003063 0.000010 0.000010 0.019434 0.028619 0.033419 0.915446
0.820672 0.002291 0.000010 0.003676 0.078637 0.086212 0.008502
0.747470 0.000010 0.000010 0.029518 0.100579 0.122402 0.000010
0.946841 0.000010 0.000010 0.000010 0.022904 0.030215 0.000010
0.714305 0.005078 0.016269 0.000010 0.108342 0.155986 0.000010
0.895587 0.000010 0.011355 0.000010 0.051858 0.041169 0.000010
0.646073 0.000010 0.074455 0.000010 0.065814 0.102293 0.111345
0.958679 0.000010 0.000326 0.000010 0.000214 0.040751 0.000010
0.898597 0.000010 0.000010 0.000016 0.024089 0.077269 0.000010
0.763390 0.000010 0.000010 0.000010 0.118656 0.117914 0.000010
0.591356 0.000010 0.055218 0.005330 0.102370 0.148091 0.097626
0.628861 0.000051 0.009542 0.004562 0.135487 0.192526 0.028971
0.965658 0.000012 0.000466 0.006668 0.015108 0.012078 0.000010
0.751364 0.000010 0.000010 0.001549 0.103277 0.143781 0.000010
0.777584 0.003989 0.012321 0.000010 0.054023 0.091541 0.060532
0.799929 0.000010 0.010530 0.001118 0.096039 0.092363 0.000010
0.486870 0.002165 0.387753 0.001409 0.050214 0.070841 0.000746
0.747523 0.000010 0.009647 0.004787 0.117092 0.120931 0.000010
0.591202 0.000010 0.022220 0.012948 0.163961 0.182685 0.026974
0.617943 0.005646 0.061775 0.011681 0.053667 0.079983 0.169305
0.812636 0.005632 0.005448 0.000010 0.062844 0.055222 0.058208
0.922019 0.009975 0.009217 0.013043 0.005344 0.028071 0.012330
0.853137 0.000010 0.002050 0.005037 0.076245 0.055530 0.007992
0.860518 0.000010 0.006083 0.017354 0.054030 0.061996 0.000010
